Shifts:
0	1	2	3	4	5	6	7	8	9	10	11	12	13	14	15	16	17	18	19	20	21	22	23	24	25	26	27	28	29	30	31	32	33	34	35	36	37	38	39	40	41
Duration of Shifts:
8	8	8	8	8	8	8	8	8	8	8	8	8	8	8	8	8	8	8	8	8	8	8	8	8	8	8	8	8	8	8	8	8	8	8	8	8	8	8	8	8	8
Jobs:
0	1	2	3	4	5	6	7	8	9	10	11	12	13	14	15	16	17	18	19	
Due Dates:
146	168	122	172	126	143	129	111	150	146	149	127	125	159	162	95	136	149	110	150	
Weights:
0.05	0.02	0.03	0.03	0.05	0.08	0.05	0.05	0.03	0.06	0.08	0.01	0.05	0.04	0.06	0.08	0.05	0.08	0.07	0.05
List of machines:
0	1	2	3	4	5	6	7	8	9	10	11	12	13	14	15	16	17	18	19	20	21	22	23	24	25	26	27	28	
Operations Per job:
0	1	2	3	4	5	6	7	8	9	10	11	12	13	14	15	16	17	18	19	20	21	22	23	
24	25	26	27	28	29	30	31	32	
33	34	35	36	37	38	39	40	41	42	43	44	45	46	
47	48	49	50	51	
52	53	54	55	56	57	58	59	60	61	62	63	
64	65	66	67	68	69	70	71	72	73	74	75	76	77	78	79	80	81	82	83	84	85	86	87	
88	89	90	91	92	93	94	95	96	
97	98	99	100	101	102	103	104	105	106	107	108	109	110	
111	112	113	114	115	
116	117	118	119	120	121	122	123	124	125	126	127	
128	129	130	131	132	133	134	135	136	137	138	139	140	141	142	143	144	145	146	147	148	149	150	151	
152	153	154	155	156	157	158	159	160	
161	162	163	164	165	166	167	168	169	170	171	172	173	174	
175	176	177	178	179	
180	181	182	183	184	185	186	187	188	189	190	191	
192	193	194	195	196	197	198	199	200	201	202	203	204	205	206	207	208	209	210	211	212	213	214	215	
216	217	218	219	220	221	222	223	224	
225	226	227	228	229	230	231	232	233	234	235	236	237	238	
239	240	241	242	243	
244	245	246	247	248	249	250	251	252	253	254	255	
Predecessors:

0	
1	
2	

4	
5	
6	
3	7	

9	

11	
12	
10	13	

15	
16	

18	
19	
20	
17	21	
8	14	22	

24	
25	
26	

28	
29	
30	
27	31	

33	

35	
36	
37	

39	
38	40	

42	
43	
44	
34	41	45	

47	
48	
49	
50	

52	
53	
54	
55	

57	
58	
59	
60	56	
61	
62	

64	
65	
66	

68	
69	
70	
67	71	

73	

75	
76	
74	77	

79	
80	

82	
83	
84	
81	85	
72	78	86	

88	
89	
90	

92	
93	
94	
91	95	

97	

99	
100	
101	

103	
102	104	

106	
107	
108	
98	105	109	

111	
112	
113	
114	

116	
117	
118	
119	

121	
122	
123	
124	120	
125	
126	

128	
129	
130	

132	
133	
134	
131	135	

137	

139	
140	
138	141	

143	
144	

146	
147	
148	
145	149	
136	142	150	

152	
153	
154	

156	
157	
158	
155	159	

161	

163	
164	
165	

167	
166	168	

170	
171	
172	
162	169	173	

175	
176	
177	
178	

180	
181	
182	
183	

185	
186	
187	
188	184	
189	
190	

192	
193	
194	

196	
197	
198	
195	199	

201	

203	
204	
202	205	

207	
208	

210	
211	
212	
209	213	
200	206	214	

216	
217	
218	

220	
221	
222	
219	223	

225	

227	
228	
229	

231	
230	232	

234	
235	
236	
226	233	237	

239	
240	
241	
242	

244	
245	
246	
247	

249	
250	
251	
252	248	
253	
254	
Machines per operations:
0	1	2	3	4	
5	6	
20	21	22	
17	18	19	
0	1	2	3	4	
5	6	7	8	9	10	
0	1	2	3	4	
20	21	22	
23	24	25	
0	1	2	3	4	
7	8	9	10	11	12	13	
0	1	2	3	4	
5	6	7	8	9	10	
20	21	22	
23	24	25	
0	1	2	3	4	
17	18	19	
7	8	9	10	11	12	13	
0	1	2	3	4	
5	6	7	8	9	10	
7	8	9	10	11	12	13	
14	15	16	
23	24	25	
26	27	28	
0	1	2	3	4	
14	15	16	
7	8	9	10	11	12	13	
20	21	22	
0	1	2	3	4	
5	6	
20	21	22	
14	15	16	
23	24	25	
0	1	2	3	4	
5	6	7	8	9	10	
0	1	2	3	4	
17	18	19	
14	15	16	
7	8	9	10	11	12	13	
0	1	2	3	4	
17	18	19	
23	24	25	
0	1	2	3	4	
5	6	7	8	9	10	
14	15	16	
20	21	22	
26	27	28	
0	1	2	3	4	
5	6	
7	8	9	10	11	12	13	
5	6	7	8	9	10	
20	21	22	
0	1	2	3	4	
17	18	19	
0	1	2	3	4	
5	6	7	8	9	10	
7	8	9	10	11	12	13	
0	1	2	3	4	
5	6	7	8	9	10	
17	18	19	
7	8	9	10	11	12	13	
23	24	25	
20	21	22	
26	27	28	
0	1	2	3	4	
5	6	
20	21	22	
17	18	19	
0	1	2	3	4	
5	6	7	8	9	10	
0	1	2	3	4	
20	21	22	
23	24	25	
0	1	2	3	4	
7	8	9	10	11	12	13	
0	1	2	3	4	
5	6	7	8	9	10	
20	21	22	
23	24	25	
0	1	2	3	4	
17	18	19	
7	8	9	10	11	12	13	
0	1	2	3	4	
5	6	7	8	9	10	
7	8	9	10	11	12	13	
14	15	16	
23	24	25	
26	27	28	
0	1	2	3	4	
14	15	16	
7	8	9	10	11	12	13	
20	21	22	
0	1	2	3	4	
5	6	
20	21	22	
14	15	16	
23	24	25	
0	1	2	3	4	
5	6	7	8	9	10	
0	1	2	3	4	
17	18	19	
14	15	16	
7	8	9	10	11	12	13	
0	1	2	3	4	
17	18	19	
23	24	25	
0	1	2	3	4	
5	6	7	8	9	10	
14	15	16	
20	21	22	
26	27	28	
0	1	2	3	4	
5	6	
7	8	9	10	11	12	13	
5	6	7	8	9	10	
20	21	22	
0	1	2	3	4	
17	18	19	
0	1	2	3	4	
5	6	7	8	9	10	
7	8	9	10	11	12	13	
0	1	2	3	4	
5	6	7	8	9	10	
17	18	19	
7	8	9	10	11	12	13	
23	24	25	
20	21	22	
26	27	28	
0	1	2	3	4	
5	6	
20	21	22	
17	18	19	
0	1	2	3	4	
5	6	7	8	9	10	
0	1	2	3	4	
20	21	22	
23	24	25	
0	1	2	3	4	
7	8	9	10	11	12	13	
0	1	2	3	4	
5	6	7	8	9	10	
20	21	22	
23	24	25	
0	1	2	3	4	
17	18	19	
7	8	9	10	11	12	13	
0	1	2	3	4	
5	6	7	8	9	10	
7	8	9	10	11	12	13	
14	15	16	
23	24	25	
26	27	28	
0	1	2	3	4	
14	15	16	
7	8	9	10	11	12	13	
20	21	22	
0	1	2	3	4	
5	6	
20	21	22	
14	15	16	
23	24	25	
0	1	2	3	4	
5	6	7	8	9	10	
0	1	2	3	4	
17	18	19	
14	15	16	
7	8	9	10	11	12	13	
0	1	2	3	4	
17	18	19	
23	24	25	
0	1	2	3	4	
5	6	7	8	9	10	
14	15	16	
20	21	22	
26	27	28	
0	1	2	3	4	
5	6	
7	8	9	10	11	12	13	
5	6	7	8	9	10	
20	21	22	
0	1	2	3	4	
17	18	19	
0	1	2	3	4	
5	6	7	8	9	10	
7	8	9	10	11	12	13	
0	1	2	3	4	
5	6	7	8	9	10	
17	18	19	
7	8	9	10	11	12	13	
23	24	25	
20	21	22	
26	27	28	
0	1	2	3	4	
5	6	
20	21	22	
17	18	19	
0	1	2	3	4	
5	6	7	8	9	10	
0	1	2	3	4	
20	21	22	
23	24	25	
0	1	2	3	4	
7	8	9	10	11	12	13	
0	1	2	3	4	
5	6	7	8	9	10	
20	21	22	
23	24	25	
0	1	2	3	4	
17	18	19	
7	8	9	10	11	12	13	
0	1	2	3	4	
5	6	7	8	9	10	
7	8	9	10	11	12	13	
14	15	16	
23	24	25	
26	27	28	
0	1	2	3	4	
14	15	16	
7	8	9	10	11	12	13	
20	21	22	
0	1	2	3	4	
5	6	
20	21	22	
14	15	16	
23	24	25	
0	1	2	3	4	
5	6	7	8	9	10	
0	1	2	3	4	
17	18	19	
14	15	16	
7	8	9	10	11	12	13	
0	1	2	3	4	
17	18	19	
23	24	25	
0	1	2	3	4	
5	6	7	8	9	10	
14	15	16	
20	21	22	
26	27	28	
0	1	2	3	4	
5	6	
7	8	9	10	11	12	13	
5	6	7	8	9	10	
20	21	22	
0	1	2	3	4	
17	18	19	
0	1	2	3	4	
5	6	7	8	9	10	
7	8	9	10	11	12	13	
0	1	2	3	4	
5	6	7	8	9	10	
17	18	19	
7	8	9	10	11	12	13	
23	24	25	
20	21	22	
26	27	28	
Processing Times:
2	12	1	8	6	0	0	0	0	0	0	0	0	0	0	0	0	0	0	0	0	0	0	0	0	0	0	0	0	
0	0	0	0	0	3	6	0	0	0	0	0	0	0	0	0	0	0	0	0	0	0	0	0	0	0	0	0	0	
0	0	0	0	0	0	0	0	0	0	0	0	0	0	0	0	0	0	0	0	8	11	3	0	0	0	0	0	0	
0	0	0	0	0	0	0	0	0	0	0	0	0	0	0	0	0	7	6	1	0	0	0	0	0	0	0	0	0	
12	7	3	4	9	0	0	0	0	0	0	0	0	0	0	0	0	0	0	0	0	0	0	0	0	0	0	0	0	
0	0	0	0	0	3	1	4	12	2	6	0	0	0	0	0	0	0	0	0	0	0	0	0	0	0	0	0	0	
8	10	10	9	3	0	0	0	0	0	0	0	0	0	0	0	0	0	0	0	0	0	0	0	0	0	0	0	0	
0	0	0	0	0	0	0	0	0	0	0	0	0	0	0	0	0	0	0	0	5	4	8	0	0	0	0	0	0	
0	0	0	0	0	0	0	0	0	0	0	0	0	0	0	0	0	0	0	0	0	0	0	2	11	6	0	0	0	
3	11	5	9	2	0	0	0	0	0	0	0	0	0	0	0	0	0	0	0	0	0	0	0	0	0	0	0	0	
0	0	0	0	0	0	0	7	6	2	8	6	6	1	0	0	0	0	0	0	0	0	0	0	0	0	0	0	0	
1	6	7	8	6	0	0	0	0	0	0	0	0	0	0	0	0	0	0	0	0	0	0	0	0	0	0	0	0	
0	0	0	0	0	11	12	7	5	11	11	0	0	0	0	0	0	0	0	0	0	0	0	0	0	0	0	0	0	
0	0	0	0	0	0	0	0	0	0	0	0	0	0	0	0	0	0	0	0	5	7	5	0	0	0	0	0	0	
0	0	0	0	0	0	0	0	0	0	0	0	0	0	0	0	0	0	0	0	0	0	0	8	7	1	0	0	0	
7	5	11	7	7	0	0	0	0	0	0	0	0	0	0	0	0	0	0	0	0	0	0	0	0	0	0	0	0	
0	0	0	0	0	0	0	0	0	0	0	0	0	0	0	0	0	9	6	3	0	0	0	0	0	0	0	0	0	
0	0	0	0	0	0	0	3	6	3	6	3	11	7	0	0	0	0	0	0	0	0	0	0	0	0	0	0	0	
11	8	6	1	4	0	0	0	0	0	0	0	0	0	0	0	0	0	0	0	0	0	0	0	0	0	0	0	0	
0	0	0	0	0	9	8	3	1	5	11	0	0	0	0	0	0	0	0	0	0	0	0	0	0	0	0	0	0	
0	0	0	0	0	0	0	12	10	1	3	6	12	4	0	0	0	0	0	0	0	0	0	0	0	0	0	0	0	
0	0	0	0	0	0	0	0	0	0	0	0	0	0	11	8	10	0	0	0	0	0	0	0	0	0	0	0	0	
0	0	0	0	0	0	0	0	0	0	0	0	0	0	0	0	0	0	0	0	0	0	0	10	2	12	0	0	0	
0	0	0	0	0	0	0	0	0	0	0	0	0	0	0	0	0	0	0	0	0	0	0	0	0	0	4	9	8	
9	11	1	6	8	0	0	0	0	0	0	0	0	0	0	0	0	0	0	0	0	0	0	0	0	0	0	0	0	
0	0	0	0	0	0	0	0	0	0	0	0	0	0	9	1	12	0	0	0	0	0	0	0	0	0	0	0	0	
0	0	0	0	0	0	0	11	12	1	3	9	9	4	0	0	0	0	0	0	0	0	0	0	0	0	0	0	0	
0	0	0	0	0	0	0	0	0	0	0	0	0	0	0	0	0	0	0	0	8	5	3	0	0	0	0	0	0	
3	7	7	4	4	0	0	0	0	0	0	0	0	0	0	0	0	0	0	0	0	0	0	0	0	0	0	0	0	
0	0	0	0	0	8	5	0	0	0	0	0	0	0	0	0	0	0	0	0	0	0	0	0	0	0	0	0	0	
0	0	0	0	0	0	0	0	0	0	0	0	0	0	0	0	0	0	0	0	4	1	10	0	0	0	0	0	0	
0	0	0	0	0	0	0	0	0	0	0	0	0	0	3	7	2	0	0	0	0	0	0	0	0	0	0	0	0	
0	0	0	0	0	0	0	0	0	0	0	0	0	0	0	0	0	0	0	0	0	0	0	8	7	7	0	0	0	
5	1	3	12	4	0	0	0	0	0	0	0	0	0	0	0	0	0	0	0	0	0	0	0	0	0	0	0	0	
0	0	0	0	0	12	12	9	7	8	3	0	0	0	0	0	0	0	0	0	0	0	0	0	0	0	0	0	0	
4	6	10	4	8	0	0	0	0	0	0	0	0	0	0	0	0	0	0	0	0	0	0	0	0	0	0	0	0	
0	0	0	0	0	0	0	0	0	0	0	0	0	0	0	0	0	8	3	8	0	0	0	0	0	0	0	0	0	
0	0	0	0	0	0	0	0	0	0	0	0	0	0	6	7	3	0	0	0	0	0	0	0	0	0	0	0	0	
0	0	0	0	0	0	0	3	2	3	4	4	1	2	0	0	0	0	0	0	0	0	0	0	0	0	0	0	0	
5	7	10	7	3	0	0	0	0	0	0	0	0	0	0	0	0	0	0	0	0	0	0	0	0	0	0	0	0	
0	0	0	0	0	0	0	0	0	0	0	0	0	0	0	0	0	1	8	5	0	0	0	0	0	0	0	0	0	
0	0	0	0	0	0	0	0	0	0	0	0	0	0	0	0	0	0	0	0	0	0	0	4	4	2	0	0	0	
1	7	10	5	10	0	0	0	0	0	0	0	0	0	0	0	0	0	0	0	0	0	0	0	0	0	0	0	0	
0	0	0	0	0	7	2	7	1	4	8	0	0	0	0	0	0	0	0	0	0	0	0	0	0	0	0	0	0	
0	0	0	0	0	0	0	0	0	0	0	0	0	0	11	10	7	0	0	0	0	0	0	0	0	0	0	0	0	
0	0	0	0	0	0	0	0	0	0	0	0	0	0	0	0	0	0	0	0	10	2	12	0	0	0	0	0	0	
0	0	0	0	0	0	0	0	0	0	0	0	0	0	0	0	0	0	0	0	0	0	0	0	0	0	9	4	2	
10	3	8	5	10	0	0	0	0	0	0	0	0	0	0	0	0	0	0	0	0	0	0	0	0	0	0	0	0	
0	0	0	0	0	2	7	0	0	0	0	0	0	0	0	0	0	0	0	0	0	0	0	0	0	0	0	0	0	
0	0	0	0	0	0	0	7	1	9	2	1	1	2	0	0	0	0	0	0	0	0	0	0	0	0	0	0	0	
0	0	0	0	0	2	7	4	2	12	2	0	0	0	0	0	0	0	0	0	0	0	0	0	0	0	0	0	0	
0	0	0	0	0	0	0	0	0	0	0	0	0	0	0	0	0	0	0	0	10	8	9	0	0	0	0	0	0	
6	7	3	6	11	0	0	0	0	0	0	0	0	0	0	0	0	0	0	0	0	0	0	0	0	0	0	0	0	
0	0	0	0	0	0	0	0	0	0	0	0	0	0	0	0	0	8	7	8	0	0	0	0	0	0	0	0	0	
9	2	11	9	2	0	0	0	0	0	0	0	0	0	0	0	0	0	0	0	0	0	0	0	0	0	0	0	0	
0	0	0	0	0	8	3	10	5	8	11	0	0	0	0	0	0	0	0	0	0	0	0	0	0	0	0	0	0	
0	0	0	0	0	0	0	8	3	5	7	3	2	5	0	0	0	0	0	0	0	0	0	0	0	0	0	0	0	
12	5	10	9	3	0	0	0	0	0	0	0	0	0	0	0	0	0	0	0	0	0	0	0	0	0	0	0	0	
0	0	0	0	0	8	1	2	8	9	9	0	0	0	0	0	0	0	0	0	0	0	0	0	0	0	0	0	0	
0	0	0	0	0	0	0	0	0	0	0	0	0	0	0	0	0	11	4	9	0	0	0	0	0	0	0	0	0	
0	0	0	0	0	0	0	5	1	10	12	6	2	4	0	0	0	0	0	0	0	0	0	0	0	0	0	0	0	
0	0	0	0	0	0	0	0	0	0	0	0	0	0	0	0	0	0	0	0	0	0	0	10	8	12	0	0	0	
0	0	0	0	0	0	0	0	0	0	0	0	0	0	0	0	0	0	0	0	7	6	10	0	0	0	0	0	0	
0	0	0	0	0	0	0	0	0	0	0	0	0	0	0	0	0	0	0	0	0	0	0	0	0	0	6	2	3	
3	4	8	5	10	0	0	0	0	0	0	0	0	0	0	0	0	0	0	0	0	0	0	0	0	0	0	0	0	
0	0	0	0	0	10	11	0	0	0	0	0	0	0	0	0	0	0	0	0	0	0	0	0	0	0	0	0	0	
0	0	0	0	0	0	0	0	0	0	0	0	0	0	0	0	0	0	0	0	10	6	9	0	0	0	0	0	0	
0	0	0	0	0	0	0	0	0	0	0	0	0	0	0	0	0	8	12	3	0	0	0	0	0	0	0	0	0	
12	1	8	12	7	0	0	0	0	0	0	0	0	0	0	0	0	0	0	0	0	0	0	0	0	0	0	0	0	
0	0	0	0	0	3	10	3	9	9	1	0	0	0	0	0	0	0	0	0	0	0	0	0	0	0	0	0	0	
5	7	12	5	1	0	0	0	0	0	0	0	0	0	0	0	0	0	0	0	0	0	0	0	0	0	0	0	0	
0	0	0	0	0	0	0	0	0	0	0	0	0	0	0	0	0	0	0	0	2	6	1	0	0	0	0	0	0	
0	0	0	0	0	0	0	0	0	0	0	0	0	0	0	0	0	0	0	0	0	0	0	4	4	2	0	0	0	
12	3	2	12	11	0	0	0	0	0	0	0	0	0	0	0	0	0	0	0	0	0	0	0	0	0	0	0	0	
0	0	0	0	0	0	0	12	2	1	7	1	12	6	0	0	0	0	0	0	0	0	0	0	0	0	0	0	0	
1	4	4	10	2	0	0	0	0	0	0	0	0	0	0	0	0	0	0	0	0	0	0	0	0	0	0	0	0	
0	0	0	0	0	7	1	1	6	5	10	0	0	0	0	0	0	0	0	0	0	0	0	0	0	0	0	0	0	
0	0	0	0	0	0	0	0	0	0	0	0	0	0	0	0	0	0	0	0	4	12	11	0	0	0	0	0	0	
0	0	0	0	0	0	0	0	0	0	0	0	0	0	0	0	0	0	0	0	0	0	0	5	11	5	0	0	0	
12	10	9	6	10	0	0	0	0	0	0	0	0	0	0	0	0	0	0	0	0	0	0	0	0	0	0	0	0	
0	0	0	0	0	0	0	0	0	0	0	0	0	0	0	0	0	11	6	6	0	0	0	0	0	0	0	0	0	
0	0	0	0	0	0	0	10	11	6	9	10	1	9	0	0	0	0	0	0	0	0	0	0	0	0	0	0	0	
3	10	12	8	12	0	0	0	0	0	0	0	0	0	0	0	0	0	0	0	0	0	0	0	0	0	0	0	0	
0	0	0	0	0	11	12	12	10	12	3	0	0	0	0	0	0	0	0	0	0	0	0	0	0	0	0	0	0	
0	0	0	0	0	0	0	1	5	3	10	11	2	5	0	0	0	0	0	0	0	0	0	0	0	0	0	0	0	
0	0	0	0	0	0	0	0	0	0	0	0	0	0	10	3	1	0	0	0	0	0	0	0	0	0	0	0	0	
0	0	0	0	0	0	0	0	0	0	0	0	0	0	0	0	0	0	0	0	0	0	0	9	4	12	0	0	0	
0	0	0	0	0	0	0	0	0	0	0	0	0	0	0	0	0	0	0	0	0	0	0	0	0	0	6	2	6	
6	6	10	11	9	0	0	0	0	0	0	0	0	0	0	0	0	0	0	0	0	0	0	0	0	0	0	0	0	
0	0	0	0	0	0	0	0	0	0	0	0	0	0	4	12	6	0	0	0	0	0	0	0	0	0	0	0	0	
0	0	0	0	0	0	0	7	5	10	8	12	7	10	0	0	0	0	0	0	0	0	0	0	0	0	0	0	0	
0	0	0	0	0	0	0	0	0	0	0	0	0	0	0	0	0	0	0	0	12	9	11	0	0	0	0	0	0	
5	8	5	4	2	0	0	0	0	0	0	0	0	0	0	0	0	0	0	0	0	0	0	0	0	0	0	0	0	
0	0	0	0	0	3	12	0	0	0	0	0	0	0	0	0	0	0	0	0	0	0	0	0	0	0	0	0	0	
0	0	0	0	0	0	0	0	0	0	0	0	0	0	0	0	0	0	0	0	8	10	9	0	0	0	0	0	0	
0	0	0	0	0	0	0	0	0	0	0	0	0	0	8	4	2	0	0	0	0	0	0	0	0	0	0	0	0	
0	0	0	0	0	0	0	0	0	0	0	0	0	0	0	0	0	0	0	0	0	0	0	11	6	1	0	0	0	
8	5	6	11	1	0	0	0	0	0	0	0	0	0	0	0	0	0	0	0	0	0	0	0	0	0	0	0	0	
0	0	0	0	0	5	3	1	12	11	7	0	0	0	0	0	0	0	0	0	0	0	0	0	0	0	0	0	0	
9	11	8	4	2	0	0	0	0	0	0	0	0	0	0	0	0	0	0	0	0	0	0	0	0	0	0	0	0	
0	0	0	0	0	0	0	0	0	0	0	0	0	0	0	0	0	5	9	11	0	0	0	0	0	0	0	0	0	
0	0	0	0	0	0	0	0	0	0	0	0	0	0	11	10	8	0	0	0	0	0	0	0	0	0	0	0	0	
0	0	0	0	0	0	0	1	10	1	7	4	3	2	0	0	0	0	0	0	0	0	0	0	0	0	0	0	0	
10	2	11	3	1	0	0	0	0	0	0	0	0	0	0	0	0	0	0	0	0	0	0	0	0	0	0	0	0	
0	0	0	0	0	0	0	0	0	0	0	0	0	0	0	0	0	1	1	11	0	0	0	0	0	0	0	0	0	
0	0	0	0	0	0	0	0	0	0	0	0	0	0	0	0	0	0	0	0	0	0	0	6	6	11	0	0	0	
9	11	12	2	8	0	0	0	0	0	0	0	0	0	0	0	0	0	0	0	0	0	0	0	0	0	0	0	0	
0	0	0	0	0	10	2	10	9	12	1	0	0	0	0	0	0	0	0	0	0	0	0	0	0	0	0	0	0	
0	0	0	0	0	0	0	0	0	0	0	0	0	0	12	10	3	0	0	0	0	0	0	0	0	0	0	0	0	
0	0	0	0	0	0	0	0	0	0	0	0	0	0	0	0	0	0	0	0	8	7	8	0	0	0	0	0	0	
0	0	0	0	0	0	0	0	0	0	0	0	0	0	0	0	0	0	0	0	0	0	0	0	0	0	6	10	3	
4	12	11	11	11	0	0	0	0	0	0	0	0	0	0	0	0	0	0	0	0	0	0	0	0	0	0	0	0	
0	0	0	0	0	11	4	0	0	0	0	0	0	0	0	0	0	0	0	0	0	0	0	0	0	0	0	0	0	
0	0	0	0	0	0	0	5	10	4	4	9	12	1	0	0	0	0	0	0	0	0	0	0	0	0	0	0	0	
0	0	0	0	0	5	8	2	6	7	9	0	0	0	0	0	0	0	0	0	0	0	0	0	0	0	0	0	0	
0	0	0	0	0	0	0	0	0	0	0	0	0	0	0	0	0	0	0	0	1	8	3	0	0	0	0	0	0	
12	4	8	10	10	0	0	0	0	0	0	0	0	0	0	0	0	0	0	0	0	0	0	0	0	0	0	0	0	
0	0	0	0	0	0	0	0	0	0	0	0	0	0	0	0	0	5	8	2	0	0	0	0	0	0	0	0	0	
1	10	12	6	7	0	0	0	0	0	0	0	0	0	0	0	0	0	0	0	0	0	0	0	0	0	0	0	0	
0	0	0	0	0	3	10	11	4	12	9	0	0	0	0	0	0	0	0	0	0	0	0	0	0	0	0	0	0	
0	0	0	0	0	0	0	1	8	11	9	7	10	12	0	0	0	0	0	0	0	0	0	0	0	0	0	0	0	
6	6	9	11	1	0	0	0	0	0	0	0	0	0	0	0	0	0	0	0	0	0	0	0	0	0	0	0	0	
0	0	0	0	0	7	1	8	9	5	1	0	0	0	0	0	0	0	0	0	0	0	0	0	0	0	0	0	0	
0	0	0	0	0	0	0	0	0	0	0	0	0	0	0	0	0	8	10	5	0	0	0	0	0	0	0	0	0	
0	0	0	0	0	0	0	4	11	4	1	12	3	3	0	0	0	0	0	0	0	0	0	0	0	0	0	0	0	
0	0	0	0	0	0	0	0	0	0	0	0	0	0	0	0	0	0	0	0	0	0	0	11	8	5	0	0	0	
0	0	0	0	0	0	0	0	0	0	0	0	0	0	0	0	0	0	0	0	9	7	6	0	0	0	0	0	0	
0	0	0	0	0	0	0	0	0	0	0	0	0	0	0	0	0	0	0	0	0	0	0	0	0	0	9	8	4	
5	11	9	11	11	0	0	0	0	0	0	0	0	0	0	0	0	0	0	0	0	0	0	0	0	0	0	0	0	
0	0	0	0	0	4	1	0	0	0	0	0	0	0	0	0	0	0	0	0	0	0	0	0	0	0	0	0	0	
0	0	0	0	0	0	0	0	0	0	0	0	0	0	0	0	0	0	0	0	5	8	3	0	0	0	0	0	0	
0	0	0	0	0	0	0	0	0	0	0	0	0	0	0	0	0	10	7	1	0	0	0	0	0	0	0	0	0	
11	6	4	10	11	0	0	0	0	0	0	0	0	0	0	0	0	0	0	0	0	0	0	0	0	0	0	0	0	
0	0	0	0	0	2	2	1	12	1	5	0	0	0	0	0	0	0	0	0	0	0	0	0	0	0	0	0	0	
2	2	2	4	10	0	0	0	0	0	0	0	0	0	0	0	0	0	0	0	0	0	0	0	0	0	0	0	0	
0	0	0	0	0	0	0	0	0	0	0	0	0	0	0	0	0	0	0	0	3	5	5	0	0	0	0	0	0	
0	0	0	0	0	0	0	0	0	0	0	0	0	0	0	0	0	0	0	0	0	0	0	4	2	7	0	0	0	
3	10	3	6	3	0	0	0	0	0	0	0	0	0	0	0	0	0	0	0	0	0	0	0	0	0	0	0	0	
0	0	0	0	0	0	0	2	4	1	7	8	12	9	0	0	0	0	0	0	0	0	0	0	0	0	0	0	0	
8	3	6	5	4	0	0	0	0	0	0	0	0	0	0	0	0	0	0	0	0	0	0	0	0	0	0	0	0	
0	0	0	0	0	2	2	3	10	8	10	0	0	0	0	0	0	0	0	0	0	0	0	0	0	0	0	0	0	
0	0	0	0	0	0	0	0	0	0	0	0	0	0	0	0	0	0	0	0	5	4	6	0	0	0	0	0	0	
0	0	0	0	0	0	0	0	0	0	0	0	0	0	0	0	0	0	0	0	0	0	0	4	4	9	0	0	0	
9	10	10	6	8	0	0	0	0	0	0	0	0	0	0	0	0	0	0	0	0	0	0	0	0	0	0	0	0	
0	0	0	0	0	0	0	0	0	0	0	0	0	0	0	0	0	10	3	6	0	0	0	0	0	0	0	0	0	
0	0	0	0	0	0	0	12	12	8	11	1	2	8	0	0	0	0	0	0	0	0	0	0	0	0	0	0	0	
4	8	5	5	5	0	0	0	0	0	0	0	0	0	0	0	0	0	0	0	0	0	0	0	0	0	0	0	0	
0	0	0	0	0	11	9	1	12	1	12	0	0	0	0	0	0	0	0	0	0	0	0	0	0	0	0	0	0	
0	0	0	0	0	0	0	11	11	6	1	7	1	6	0	0	0	0	0	0	0	0	0	0	0	0	0	0	0	
0	0	0	0	0	0	0	0	0	0	0	0	0	0	10	2	2	0	0	0	0	0	0	0	0	0	0	0	0	
0	0	0	0	0	0	0	0	0	0	0	0	0	0	0	0	0	0	0	0	0	0	0	12	2	8	0	0	0	
0	0	0	0	0	0	0	0	0	0	0	0	0	0	0	0	0	0	0	0	0	0	0	0	0	0	12	7	10	
5	8	6	4	5	0	0	0	0	0	0	0	0	0	0	0	0	0	0	0	0	0	0	0	0	0	0	0	0	
0	0	0	0	0	0	0	0	0	0	0	0	0	0	10	5	2	0	0	0	0	0	0	0	0	0	0	0	0	
0	0	0	0	0	0	0	2	5	11	2	10	12	5	0	0	0	0	0	0	0	0	0	0	0	0	0	0	0	
0	0	0	0	0	0	0	0	0	0	0	0	0	0	0	0	0	0	0	0	8	1	4	0	0	0	0	0	0	
10	3	9	8	11	0	0	0	0	0	0	0	0	0	0	0	0	0	0	0	0	0	0	0	0	0	0	0	0	
0	0	0	0	0	2	10	0	0	0	0	0	0	0	0	0	0	0	0	0	0	0	0	0	0	0	0	0	0	
0	0	0	0	0	0	0	0	0	0	0	0	0	0	0	0	0	0	0	0	11	8	11	0	0	0	0	0	0	
0	0	0	0	0	0	0	0	0	0	0	0	0	0	4	7	1	0	0	0	0	0	0	0	0	0	0	0	0	
0	0	0	0	0	0	0	0	0	0	0	0	0	0	0	0	0	0	0	0	0	0	0	5	8	11	0	0	0	
9	9	10	8	11	0	0	0	0	0	0	0	0	0	0	0	0	0	0	0	0	0	0	0	0	0	0	0	0	
0	0	0	0	0	5	8	9	11	4	1	0	0	0	0	0	0	0	0	0	0	0	0	0	0	0	0	0	0	
5	9	3	5	10	0	0	0	0	0	0	0	0	0	0	0	0	0	0	0	0	0	0	0	0	0	0	0	0	
0	0	0	0	0	0	0	0	0	0	0	0	0	0	0	0	0	10	4	10	0	0	0	0	0	0	0	0	0	
0	0	0	0	0	0	0	0	0	0	0	0	0	0	3	6	9	0	0	0	0	0	0	0	0	0	0	0	0	
0	0	0	0	0	0	0	11	6	8	8	10	3	1	0	0	0	0	0	0	0	0	0	0	0	0	0	0	0	
11	8	3	8	6	0	0	0	0	0	0	0	0	0	0	0	0	0	0	0	0	0	0	0	0	0	0	0	0	
0	0	0	0	0	0	0	0	0	0	0	0	0	0	0	0	0	1	8	4	0	0	0	0	0	0	0	0	0	
0	0	0	0	0	0	0	0	0	0	0	0	0	0	0	0	0	0	0	0	0	0	0	7	11	6	0	0	0	
9	3	12	4	1	0	0	0	0	0	0	0	0	0	0	0	0	0	0	0	0	0	0	0	0	0	0	0	0	
0	0	0	0	0	3	2	5	8	5	4	0	0	0	0	0	0	0	0	0	0	0	0	0	0	0	0	0	0	
0	0	0	0	0	0	0	0	0	0	0	0	0	0	8	11	3	0	0	0	0	0	0	0	0	0	0	0	0	
0	0	0	0	0	0	0	0	0	0	0	0	0	0	0	0	0	0	0	0	12	3	12	0	0	0	0	0	0	
0	0	0	0	0	0	0	0	0	0	0	0	0	0	0	0	0	0	0	0	0	0	0	0	0	0	8	9	11	
9	7	3	12	5	0	0	0	0	0	0	0	0	0	0	0	0	0	0	0	0	0	0	0	0	0	0	0	0	
0	0	0	0	0	9	4	0	0	0	0	0	0	0	0	0	0	0	0	0	0	0	0	0	0	0	0	0	0	
0	0	0	0	0	0	0	7	6	1	4	8	1	5	0	0	0	0	0	0	0	0	0	0	0	0	0	0	0	
0	0	0	0	0	5	6	2	8	2	10	0	0	0	0	0	0	0	0	0	0	0	0	0	0	0	0	0	0	
0	0	0	0	0	0	0	0	0	0	0	0	0	0	0	0	0	0	0	0	5	11	10	0	0	0	0	0	0	
8	9	7	12	3	0	0	0	0	0	0	0	0	0	0	0	0	0	0	0	0	0	0	0	0	0	0	0	0	
0	0	0	0	0	0	0	0	0	0	0	0	0	0	0	0	0	5	8	12	0	0	0	0	0	0	0	0	0	
10	9	5	3	11	0	0	0	0	0	0	0	0	0	0	0	0	0	0	0	0	0	0	0	0	0	0	0	0	
0	0	0	0	0	8	5	1	8	12	7	0	0	0	0	0	0	0	0	0	0	0	0	0	0	0	0	0	0	
0	0	0	0	0	0	0	1	3	8	1	5	3	1	0	0	0	0	0	0	0	0	0	0	0	0	0	0	0	
1	11	4	12	1	0	0	0	0	0	0	0	0	0	0	0	0	0	0	0	0	0	0	0	0	0	0	0	0	
0	0	0	0	0	10	6	3	6	12	12	0	0	0	0	0	0	0	0	0	0	0	0	0	0	0	0	0	0	
0	0	0	0	0	0	0	0	0	0	0	0	0	0	0	0	0	6	7	1	0	0	0	0	0	0	0	0	0	
0	0	0	0	0	0	0	1	1	12	3	12	11	2	0	0	0	0	0	0	0	0	0	0	0	0	0	0	0	
0	0	0	0	0	0	0	0	0	0	0	0	0	0	0	0	0	0	0	0	0	0	0	11	7	8	0	0	0	
0	0	0	0	0	0	0	0	0	0	0	0	0	0	0	0	0	0	0	0	5	5	9	0	0	0	0	0	0	
0	0	0	0	0	0	0	0	0	0	0	0	0	0	0	0	0	0	0	0	0	0	0	0	0	0	6	3	12	
8	3	8	11	4	0	0	0	0	0	0	0	0	0	0	0	0	0	0	0	0	0	0	0	0	0	0	0	0	
0	0	0	0	0	7	10	0	0	0	0	0	0	0	0	0	0	0	0	0	0	0	0	0	0	0	0	0	0	
0	0	0	0	0	0	0	0	0	0	0	0	0	0	0	0	0	0	0	0	10	6	2	0	0	0	0	0	0	
0	0	0	0	0	0	0	0	0	0	0	0	0	0	0	0	0	9	8	12	0	0	0	0	0	0	0	0	0	
9	9	4	8	6	0	0	0	0	0	0	0	0	0	0	0	0	0	0	0	0	0	0	0	0	0	0	0	0	
0	0	0	0	0	4	2	8	7	1	3	0	0	0	0	0	0	0	0	0	0	0	0	0	0	0	0	0	0	
8	10	10	9	10	0	0	0	0	0	0	0	0	0	0	0	0	0	0	0	0	0	0	0	0	0	0	0	0	
0	0	0	0	0	0	0	0	0	0	0	0	0	0	0	0	0	0	0	0	10	1	10	0	0	0	0	0	0	
0	0	0	0	0	0	0	0	0	0	0	0	0	0	0	0	0	0	0	0	0	0	0	9	11	1	0	0	0	
12	5	2	8	5	0	0	0	0	0	0	0	0	0	0	0	0	0	0	0	0	0	0	0	0	0	0	0	0	
0	0	0	0	0	0	0	1	10	8	9	3	4	7	0	0	0	0	0	0	0	0	0	0	0	0	0	0	0	
2	6	3	10	1	0	0	0	0	0	0	0	0	0	0	0	0	0	0	0	0	0	0	0	0	0	0	0	0	
0	0	0	0	0	6	2	8	12	12	5	0	0	0	0	0	0	0	0	0	0	0	0	0	0	0	0	0	0	
0	0	0	0	0	0	0	0	0	0	0	0	0	0	0	0	0	0	0	0	4	3	11	0	0	0	0	0	0	
0	0	0	0	0	0	0	0	0	0	0	0	0	0	0	0	0	0	0	0	0	0	0	6	2	1	0	0	0	
10	11	1	12	12	0	0	0	0	0	0	0	0	0	0	0	0	0	0	0	0	0	0	0	0	0	0	0	0	
0	0	0	0	0	0	0	0	0	0	0	0	0	0	0	0	0	6	7	1	0	0	0	0	0	0	0	0	0	
0	0	0	0	0	0	0	8	4	6	8	11	7	5	0	0	0	0	0	0	0	0	0	0	0	0	0	0	0	
11	4	8	1	6	0	0	0	0	0	0	0	0	0	0	0	0	0	0	0	0	0	0	0	0	0	0	0	0	
0	0	0	0	0	8	3	6	12	5	5	0	0	0	0	0	0	0	0	0	0	0	0	0	0	0	0	0	0	
0	0	0	0	0	0	0	1	12	2	5	7	3	9	0	0	0	0	0	0	0	0	0	0	0	0	0	0	0	
0	0	0	0	0	0	0	0	0	0	0	0	0	0	1	5	6	0	0	0	0	0	0	0	0	0	0	0	0	
0	0	0	0	0	0	0	0	0	0	0	0	0	0	0	0	0	0	0	0	0	0	0	10	7	7	0	0	0	
0	0	0	0	0	0	0	0	0	0	0	0	0	0	0	0	0	0	0	0	0	0	0	0	0	0	12	4	10	
5	7	8	1	6	0	0	0	0	0	0	0	0	0	0	0	0	0	0	0	0	0	0	0	0	0	0	0	0	
0	0	0	0	0	0	0	0	0	0	0	0	0	0	8	1	5	0	0	0	0	0	0	0	0	0	0	0	0	
0	0	0	0	0	0	0	2	9	7	6	12	12	9	0	0	0	0	0	0	0	0	0	0	0	0	0	0	0	
0	0	0	0	0	0	0	0	0	0	0	0	0	0	0	0	0	0	0	0	5	11	1	0	0	0	0	0	0	
2	12	8	2	2	0	0	0	0	0	0	0	0	0	0	0	0	0	0	0	0	0	0	0	0	0	0	0	0	
0	0	0	0	0	2	9	0	0	0	0	0	0	0	0	0	0	0	0	0	0	0	0	0	0	0	0	0	0	
0	0	0	0	0	0	0	0	0	0	0	0	0	0	0	0	0	0	0	0	3	10	6	0	0	0	0	0	0	
0	0	0	0	0	0	0	0	0	0	0	0	0	0	8	9	4	0	0	0	0	0	0	0	0	0	0	0	0	
0	0	0	0	0	0	0	0	0	0	0	0	0	0	0	0	0	0	0	0	0	0	0	5	9	12	0	0	0	
2	1	2	11	11	0	0	0	0	0	0	0	0	0	0	0	0	0	0	0	0	0	0	0	0	0	0	0	0	
0	0	0	0	0	8	8	6	11	3	12	0	0	0	0	0	0	0	0	0	0	0	0	0	0	0	0	0	0	
5	7	7	3	10	0	0	0	0	0	0	0	0	0	0	0	0	0	0	0	0	0	0	0	0	0	0	0	0	
0	0	0	0	0	0	0	0	0	0	0	0	0	0	0	0	0	11	12	11	0	0	0	0	0	0	0	0	0	
0	0	0	0	0	0	0	0	0	0	0	0	0	0	10	11	10	0	0	0	0	0	0	0	0	0	0	0	0	
0	0	0	0	0	0	0	7	7	2	1	2	8	7	0	0	0	0	0	0	0	0	0	0	0	0	0	0	0	
3	9	12	5	5	0	0	0	0	0	0	0	0	0	0	0	0	0	0	0	0	0	0	0	0	0	0	0	0	
0	0	0	0	0	0	0	0	0	0	0	0	0	0	0	0	0	3	2	3	0	0	0	0	0	0	0	0	0	
0	0	0	0	0	0	0	0	0	0	0	0	0	0	0	0	0	0	0	0	0	0	0	6	2	12	0	0	0	
8	12	4	5	12	0	0	0	0	0	0	0	0	0	0	0	0	0	0	0	0	0	0	0	0	0	0	0	0	
0	0	0	0	0	7	12	11	5	12	10	0	0	0	0	0	0	0	0	0	0	0	0	0	0	0	0	0	0	
0	0	0	0	0	0	0	0	0	0	0	0	0	0	3	4	4	0	0	0	0	0	0	0	0	0	0	0	0	
0	0	0	0	0	0	0	0	0	0	0	0	0	0	0	0	0	0	0	0	12	10	7	0	0	0	0	0	0	
0	0	0	0	0	0	0	0	0	0	0	0	0	0	0	0	0	0	0	0	0	0	0	0	0	0	6	8	10	
10	8	11	10	1	0	0	0	0	0	0	0	0	0	0	0	0	0	0	0	0	0	0	0	0	0	0	0	0	
0	0	0	0	0	4	12	0	0	0	0	0	0	0	0	0	0	0	0	0	0	0	0	0	0	0	0	0	0	
0	0	0	0	0	0	0	4	9	11	7	3	1	11	0	0	0	0	0	0	0	0	0	0	0	0	0	0	0	
0	0	0	0	0	9	6	1	3	12	5	0	0	0	0	0	0	0	0	0	0	0	0	0	0	0	0	0	0	
0	0	0	0	0	0	0	0	0	0	0	0	0	0	0	0	0	0	0	0	1	5	11	0	0	0	0	0	0	
1	7	9	9	8	0	0	0	0	0	0	0	0	0	0	0	0	0	0	0	0	0	0	0	0	0	0	0	0	
0	0	0	0	0	0	0	0	0	0	0	0	0	0	0	0	0	10	11	1	0	0	0	0	0	0	0	0	0	
1	10	3	11	7	0	0	0	0	0	0	0	0	0	0	0	0	0	0	0	0	0	0	0	0	0	0	0	0	
0	0	0	0	0	1	3	6	4	9	9	0	0	0	0	0	0	0	0	0	0	0	0	0	0	0	0	0	0	
0	0	0	0	0	0	0	1	10	7	2	8	8	8	0	0	0	0	0	0	0	0	0	0	0	0	0	0	0	
3	4	3	11	6	0	0	0	0	0	0	0	0	0	0	0	0	0	0	0	0	0	0	0	0	0	0	0	0	
0	0	0	0	0	5	10	10	12	5	3	0	0	0	0	0	0	0	0	0	0	0	0	0	0	0	0	0	0	
0	0	0	0	0	0	0	0	0	0	0	0	0	0	0	0	0	7	10	12	0	0	0	0	0	0	0	0	0	
0	0	0	0	0	0	0	4	7	3	11	5	9	7	0	0	0	0	0	0	0	0	0	0	0	0	0	0	0	
0	0	0	0	0	0	0	0	0	0	0	0	0	0	0	0	0	0	0	0	0	0	0	12	5	4	0	0	0	
0	0	0	0	0	0	0	0	0	0	0	0	0	0	0	0	0	0	0	0	1	10	7	0	0	0	0	0	0	
0	0	0	0	0	0	0	0	0	0	0	0	0	0	0	0	0	0	0	0	0	0	0	0	0	0	4	9	12		
workers:
0	1	2	3	4	5	6	7	8	9	10	11	12	13	14	15	16	17	18	19	20	21	22	23	24	25	26	27	28	29	30	31	32	33	34	
workers-Machines:
1	9	15	
2	22	
26	
0	
14	19	
3	
6	
6	20	23	
25	28	
8	10	11	
10	
0	4	13	
15	24	
24	
5	9	21	
12	19	21	
22	27	
24	
11	18	20	
16	
9	
17	
17	
8	
1	14	
2	27	28	
12	
4	25	
7	26	
16	18	
3	
0	
7	23	
5	13	
17	
