Shifts:
0	1	2	3	4	5	6	7	8	9	10	11	12	13	14	15	16	17	18	19	20	21	22	23	24	25	26	27	28	29
Duration of Shifts:
8	8	8	8	8	8	8	8	8	8	8	8	8	8	8	8	8	8	8	8	8	8	8	8	8	8	8	8	8	8
Jobs:
0	1	2	3	4	5	6	7	8	9	10	11	12	13	14	
Due Dates:
95	110	139	143	179	110	103	105	131	100	98	99	101	125	109	
Weights:
0.05	0.12	0.08	0.04	0.08	0.05	0.12	0.05	0.04	0.04	0.01	0.06	0.06	0.1	0.12	
List of machines:
0	1	2	3	4	5	6	7	8	9	10	11	12	13	14	15	16	17	18	19	20	
Operations Per job:
0	1	2	3	4	5	6	7	8	9	10	11	12	13	14	15	16	17	18	19	20	21	22	23	
24	25	26	27	28	29	30	31	32	
33	34	35	36	37	38	39	40	41	42	43	44	45	46	
47	48	49	50	51	
52	53	54	55	56	57	58	59	60	61	62	63	
64	65	66	67	68	69	70	71	72	73	74	75	76	77	78	79	80	81	82	83	84	85	86	87	
88	89	90	91	92	93	94	95	96	
97	98	99	100	101	102	103	104	105	106	107	108	109	110	
111	112	113	114	115	
116	117	118	119	120	121	122	123	124	125	126	127	
128	129	130	131	132	133	134	135	136	137	138	139	140	141	142	143	144	145	146	147	148	149	150	151	
152	153	154	155	156	157	158	159	160	
161	162	163	164	165	166	167	168	169	170	171	172	173	174	
175	176	177	178	179	
180	181	182	183	184	185	186	187	188	189	190	191	
Predecessors:

0	
1	
2	

4	
5	
6	
3	7	

9	

11	
12	
10	13	

15	
16	

18	
19	
20	
17	21	
8	14	22	

24	
25	
26	

28	
29	
30	
27	31	

33	

35	
36	
37	

39	
38	40	

42	
43	
44	
34	41	45	

47	
48	
49	
50	

52	
53	
54	
55	

57	
58	
59	
60	56	
61	
62	

64	
65	
66	

68	
69	
70	
67	71	

73	

75	
76	
74	77	

79	
80	

82	
83	
84	
81	85	
72	78	86	

88	
89	
90	

92	
93	
94	
91	95	

97	

99	
100	
101	

103	
102	104	

106	
107	
108	
98	105	109	

111	
112	
113	
114	

116	
117	
118	
119	

121	
122	
123	
124	120	
125	
126	

128	
129	
130	

132	
133	
134	
131	135	

137	

139	
140	
138	141	

143	
144	

146	
147	
148	
145	149	
136	142	150	

152	
153	
154	

156	
157	
158	
155	159	

161	

163	
164	
165	

167	
166	168	

170	
171	
172	
162	169	173	

175	
176	
177	
178	

180	
181	
182	
183	

185	
186	
187	
188	184	
189	
190	
Machines per operations:
0	1	2	3	
4	5	
15	16	
13	14	
0	1	2	3	
4	5	6	7	8	
0	1	2	3	
15	16	
17	18	
0	1	2	3	
6	7	8	9	10	
0	1	2	3	
4	5	6	7	8	
15	16	
17	18	
0	1	2	3	
13	14	
6	7	8	9	10	
0	1	2	3	
4	5	6	7	8	
6	7	8	9	10	
11	12	
17	18	
19	20	
0	1	2	3	
11	12	
6	7	8	9	10	
15	16	
0	1	2	3	
4	5	
15	16	
11	12	
17	18	
0	1	2	3	
4	5	6	7	8	
0	1	2	3	
13	14	
11	12	
6	7	8	9	10	
0	1	2	3	
13	14	
17	18	
0	1	2	3	
4	5	6	7	8	
11	12	
15	16	
19	20	
0	1	2	3	
4	5	
6	7	8	9	10	
4	5	6	7	8	
15	16	
0	1	2	3	
13	14	
0	1	2	3	
4	5	6	7	8	
6	7	8	9	10	
0	1	2	3	
4	5	6	7	8	
13	14	
6	7	8	9	10	
17	18	
15	16	
19	20	
0	1	2	3	
4	5	
15	16	
13	14	
0	1	2	3	
4	5	6	7	8	
0	1	2	3	
15	16	
17	18	
0	1	2	3	
6	7	8	9	10	
0	1	2	3	
4	5	6	7	8	
15	16	
17	18	
0	1	2	3	
13	14	
6	7	8	9	10	
0	1	2	3	
4	5	6	7	8	
6	7	8	9	10	
11	12	
17	18	
19	20	
0	1	2	3	
11	12	
6	7	8	9	10	
15	16	
0	1	2	3	
4	5	
15	16	
11	12	
17	18	
0	1	2	3	
4	5	6	7	8	
0	1	2	3	
13	14	
11	12	
6	7	8	9	10	
0	1	2	3	
13	14	
17	18	
0	1	2	3	
4	5	6	7	8	
11	12	
15	16	
19	20	
0	1	2	3	
4	5	
6	7	8	9	10	
4	5	6	7	8	
15	16	
0	1	2	3	
13	14	
0	1	2	3	
4	5	6	7	8	
6	7	8	9	10	
0	1	2	3	
4	5	6	7	8	
13	14	
6	7	8	9	10	
17	18	
15	16	
19	20	
0	1	2	3	
4	5	
15	16	
13	14	
0	1	2	3	
4	5	6	7	8	
0	1	2	3	
15	16	
17	18	
0	1	2	3	
6	7	8	9	10	
0	1	2	3	
4	5	6	7	8	
15	16	
17	18	
0	1	2	3	
13	14	
6	7	8	9	10	
0	1	2	3	
4	5	6	7	8	
6	7	8	9	10	
11	12	
17	18	
19	20	
0	1	2	3	
11	12	
6	7	8	9	10	
15	16	
0	1	2	3	
4	5	
15	16	
11	12	
17	18	
0	1	2	3	
4	5	6	7	8	
0	1	2	3	
13	14	
11	12	
6	7	8	9	10	
0	1	2	3	
13	14	
17	18	
0	1	2	3	
4	5	6	7	8	
11	12	
15	16	
19	20	
0	1	2	3	
4	5	
6	7	8	9	10	
4	5	6	7	8	
15	16	
0	1	2	3	
13	14	
0	1	2	3	
4	5	6	7	8	
6	7	8	9	10	
0	1	2	3	
4	5	6	7	8	
13	14	
6	7	8	9	10	
17	18	
15	16	
19	20	
Processing Times:
8	11	1	1	0	0	0	0	0	0	0	0	0	0	0	0	0	0	0	0	0	
0	0	0	0	2	1	0	0	0	0	0	0	0	0	0	0	0	0	0	0	0	
0	0	0	0	0	0	0	0	0	0	0	0	0	0	0	7	8	0	0	0	0	
0	0	0	0	0	0	0	0	0	0	0	0	0	3	10	0	0	0	0	0	0	
8	11	6	8	0	0	0	0	0	0	0	0	0	0	0	0	0	0	0	0	0	
0	0	0	0	1	7	10	2	1	0	0	0	0	0	0	0	0	0	0	0	0	
8	8	4	6	0	0	0	0	0	0	0	0	0	0	0	0	0	0	0	0	0	
0	0	0	0	0	0	0	0	0	0	0	0	0	0	0	2	6	0	0	0	0	
0	0	0	0	0	0	0	0	0	0	0	0	0	0	0	0	0	5	11	0	0	
8	10	5	2	0	0	0	0	0	0	0	0	0	0	0	0	0	0	0	0	0	
0	0	0	0	0	0	11	3	8	10	10	0	0	0	0	0	0	0	0	0	0	
7	9	4	2	0	0	0	0	0	0	0	0	0	0	0	0	0	0	0	0	0	
0	0	0	0	12	10	2	6	7	0	0	0	0	0	0	0	0	0	0	0	0	
0	0	0	0	0	0	0	0	0	0	0	0	0	0	0	9	12	0	0	0	0	
0	0	0	0	0	0	0	0	0	0	0	0	0	0	0	0	0	1	11	0	0	
8	9	3	5	0	0	0	0	0	0	0	0	0	0	0	0	0	0	0	0	0	
0	0	0	0	0	0	0	0	0	0	0	0	0	9	8	0	0	0	0	0	0	
0	0	0	0	0	0	8	2	10	9	11	0	0	0	0	0	0	0	0	0	0	
10	1	8	2	0	0	0	0	0	0	0	0	0	0	0	0	0	0	0	0	0	
0	0	0	0	3	7	12	11	4	0	0	0	0	0	0	0	0	0	0	0	0	
0	0	0	0	0	0	8	9	11	6	1	0	0	0	0	0	0	0	0	0	0	
0	0	0	0	0	0	0	0	0	0	0	5	10	0	0	0	0	0	0	0	0	
0	0	0	0	0	0	0	0	0	0	0	0	0	0	0	0	0	3	5	0	0	
0	0	0	0	0	0	0	0	0	0	0	0	0	0	0	0	0	0	0	11	8	
6	5	3	5	0	0	0	0	0	0	0	0	0	0	0	0	0	0	0	0	0	
0	0	0	0	0	0	0	0	0	0	0	3	6	0	0	0	0	0	0	0	0	
0	0	0	0	0	0	7	10	12	10	12	0	0	0	0	0	0	0	0	0	0	
0	0	0	0	0	0	0	0	0	0	0	0	0	0	0	12	9	0	0	0	0	
8	6	1	6	0	0	0	0	0	0	0	0	0	0	0	0	0	0	0	0	0	
0	0	0	0	5	10	0	0	0	0	0	0	0	0	0	0	0	0	0	0	0	
0	0	0	0	0	0	0	0	0	0	0	0	0	0	0	7	3	0	0	0	0	
0	0	0	0	0	0	0	0	0	0	0	10	1	0	0	0	0	0	0	0	0	
0	0	0	0	0	0	0	0	0	0	0	0	0	0	0	0	0	11	1	0	0	
11	1	1	2	0	0	0	0	0	0	0	0	0	0	0	0	0	0	0	0	0	
0	0	0	0	1	12	1	9	4	0	0	0	0	0	0	0	0	0	0	0	0	
2	11	4	10	0	0	0	0	0	0	0	0	0	0	0	0	0	0	0	0	0	
0	0	0	0	0	0	0	0	0	0	0	0	0	12	12	0	0	0	0	0	0	
0	0	0	0	0	0	0	0	0	0	0	1	1	0	0	0	0	0	0	0	0	
0	0	0	0	0	0	9	10	9	1	12	0	0	0	0	0	0	0	0	0	0	
1	8	9	6	0	0	0	0	0	0	0	0	0	0	0	0	0	0	0	0	0	
0	0	0	0	0	0	0	0	0	0	0	0	0	7	2	0	0	0	0	0	0	
0	0	0	0	0	0	0	0	0	0	0	0	0	0	0	0	0	5	6	0	0	
1	4	7	6	0	0	0	0	0	0	0	0	0	0	0	0	0	0	0	0	0	
0	0	0	0	6	4	11	3	10	0	0	0	0	0	0	0	0	0	0	0	0	
0	0	0	0	0	0	0	0	0	0	0	12	12	0	0	0	0	0	0	0	0	
0	0	0	0	0	0	0	0	0	0	0	0	0	0	0	8	1	0	0	0	0	
0	0	0	0	0	0	0	0	0	0	0	0	0	0	0	0	0	0	0	7	8	
12	5	9	5	0	0	0	0	0	0	0	0	0	0	0	0	0	0	0	0	0	
0	0	0	0	4	8	0	0	0	0	0	0	0	0	0	0	0	0	0	0	0	
0	0	0	0	0	0	8	7	10	10	8	0	0	0	0	0	0	0	0	0	0	
0	0	0	0	12	10	12	1	7	0	0	0	0	0	0	0	0	0	0	0	0	
0	0	0	0	0	0	0	0	0	0	0	0	0	0	0	12	8	0	0	0	0	
7	12	1	1	0	0	0	0	0	0	0	0	0	0	0	0	0	0	0	0	0	
0	0	0	0	0	0	0	0	0	0	0	0	0	7	5	0	0	0	0	0	0	
7	5	9	9	0	0	0	0	0	0	0	0	0	0	0	0	0	0	0	0	0	
0	0	0	0	11	6	3	1	9	0	0	0	0	0	0	0	0	0	0	0	0	
0	0	0	0	0	0	11	3	6	2	10	0	0	0	0	0	0	0	0	0	0	
12	7	1	2	0	0	0	0	0	0	0	0	0	0	0	0	0	0	0	0	0	
0	0	0	0	5	2	2	11	4	0	0	0	0	0	0	0	0	0	0	0	0	
0	0	0	0	0	0	0	0	0	0	0	0	0	4	9	0	0	0	0	0	0	
0	0	0	0	0	0	1	12	12	5	9	0	0	0	0	0	0	0	0	0	0	
0	0	0	0	0	0	0	0	0	0	0	0	0	0	0	0	0	2	4	0	0	
0	0	0	0	0	0	0	0	0	0	0	0	0	0	0	3	3	0	0	0	0	
0	0	0	0	0	0	0	0	0	0	0	0	0	0	0	0	0	0	0	9	11	
3	6	7	10	0	0	0	0	0	0	0	0	0	0	0	0	0	0	0	0	0	
0	0	0	0	3	12	0	0	0	0	0	0	0	0	0	0	0	0	0	0	0	
0	0	0	0	0	0	0	0	0	0	0	0	0	0	0	11	6	0	0	0	0	
0	0	0	0	0	0	0	0	0	0	0	0	0	10	9	0	0	0	0	0	0	
4	6	7	3	0	0	0	0	0	0	0	0	0	0	0	0	0	0	0	0	0	
0	0	0	0	3	4	7	4	11	0	0	0	0	0	0	0	0	0	0	0	0	
6	4	3	5	0	0	0	0	0	0	0	0	0	0	0	0	0	0	0	0	0	
0	0	0	0	0	0	0	0	0	0	0	0	0	0	0	9	2	0	0	0	0	
0	0	0	0	0	0	0	0	0	0	0	0	0	0	0	0	0	9	9	0	0	
6	6	6	7	0	0	0	0	0	0	0	0	0	0	0	0	0	0	0	0	0	
0	0	0	0	0	0	11	11	5	7	11	0	0	0	0	0	0	0	0	0	0	
6	2	4	5	0	0	0	0	0	0	0	0	0	0	0	0	0	0	0	0	0	
0	0	0	0	8	12	9	10	5	0	0	0	0	0	0	0	0	0	0	0	0	
0	0	0	0	0	0	0	0	0	0	0	0	0	0	0	8	6	0	0	0	0	
0	0	0	0	0	0	0	0	0	0	0	0	0	0	0	0	0	11	8	0	0	
2	3	5	2	0	0	0	0	0	0	0	0	0	0	0	0	0	0	0	0	0	
0	0	0	0	0	0	0	0	0	0	0	0	0	12	1	0	0	0	0	0	0	
0	0	0	0	0	0	7	3	4	2	4	0	0	0	0	0	0	0	0	0	0	
7	7	12	2	0	0	0	0	0	0	0	0	0	0	0	0	0	0	0	0	0	
0	0	0	0	11	10	9	7	11	0	0	0	0	0	0	0	0	0	0	0	0	
0	0	0	0	0	0	5	1	8	2	10	0	0	0	0	0	0	0	0	0	0	
0	0	0	0	0	0	0	0	0	0	0	4	4	0	0	0	0	0	0	0	0	
0	0	0	0	0	0	0	0	0	0	0	0	0	0	0	0	0	10	7	0	0	
0	0	0	0	0	0	0	0	0	0	0	0	0	0	0	0	0	0	0	7	2	
7	1	4	5	0	0	0	0	0	0	0	0	0	0	0	0	0	0	0	0	0	
0	0	0	0	0	0	0	0	0	0	0	3	12	0	0	0	0	0	0	0	0	
0	0	0	0	0	0	5	5	1	8	4	0	0	0	0	0	0	0	0	0	0	
0	0	0	0	0	0	0	0	0	0	0	0	0	0	0	10	7	0	0	0	0	
1	6	1	2	0	0	0	0	0	0	0	0	0	0	0	0	0	0	0	0	0	
0	0	0	0	5	11	0	0	0	0	0	0	0	0	0	0	0	0	0	0	0	
0	0	0	0	0	0	0	0	0	0	0	0	0	0	0	9	5	0	0	0	0	
0	0	0	0	0	0	0	0	0	0	0	1	5	0	0	0	0	0	0	0	0	
0	0	0	0	0	0	0	0	0	0	0	0	0	0	0	0	0	4	6	0	0	
12	2	6	1	0	0	0	0	0	0	0	0	0	0	0	0	0	0	0	0	0	
0	0	0	0	11	10	11	1	7	0	0	0	0	0	0	0	0	0	0	0	0	
5	6	4	1	0	0	0	0	0	0	0	0	0	0	0	0	0	0	0	0	0	
0	0	0	0	0	0	0	0	0	0	0	0	0	3	1	0	0	0	0	0	0	
0	0	0	0	0	0	0	0	0	0	0	4	2	0	0	0	0	0	0	0	0	
0	0	0	0	0	0	8	8	6	1	11	0	0	0	0	0	0	0	0	0	0	
4	7	10	6	0	0	0	0	0	0	0	0	0	0	0	0	0	0	0	0	0	
0	0	0	0	0	0	0	0	0	0	0	0	0	6	11	0	0	0	0	0	0	
0	0	0	0	0	0	0	0	0	0	0	0	0	0	0	0	0	5	5	0	0	
10	5	1	7	0	0	0	0	0	0	0	0	0	0	0	0	0	0	0	0	0	
0	0	0	0	11	4	4	6	8	0	0	0	0	0	0	0	0	0	0	0	0	
0	0	0	0	0	0	0	0	0	0	0	9	4	0	0	0	0	0	0	0	0	
0	0	0	0	0	0	0	0	0	0	0	0	0	0	0	2	2	0	0	0	0	
0	0	0	0	0	0	0	0	0	0	0	0	0	0	0	0	0	0	0	12	9	
10	11	5	1	0	0	0	0	0	0	0	0	0	0	0	0	0	0	0	0	0	
0	0	0	0	3	10	0	0	0	0	0	0	0	0	0	0	0	0	0	0	0	
0	0	0	0	0	0	1	7	1	7	9	0	0	0	0	0	0	0	0	0	0	
0	0	0	0	6	12	6	6	11	0	0	0	0	0	0	0	0	0	0	0	0	
0	0	0	0	0	0	0	0	0	0	0	0	0	0	0	4	5	0	0	0	0	
10	11	3	3	0	0	0	0	0	0	0	0	0	0	0	0	0	0	0	0	0	
0	0	0	0	0	0	0	0	0	0	0	0	0	9	5	0	0	0	0	0	0	
11	9	10	9	0	0	0	0	0	0	0	0	0	0	0	0	0	0	0	0	0	
0	0	0	0	11	9	2	12	12	0	0	0	0	0	0	0	0	0	0	0	0	
0	0	0	0	0	0	5	11	6	2	6	0	0	0	0	0	0	0	0	0	0	
2	5	7	3	0	0	0	0	0	0	0	0	0	0	0	0	0	0	0	0	0	
0	0	0	0	6	12	12	12	7	0	0	0	0	0	0	0	0	0	0	0	0	
0	0	0	0	0	0	0	0	0	0	0	0	0	7	6	0	0	0	0	0	0	
0	0	0	0	0	0	10	4	11	12	9	0	0	0	0	0	0	0	0	0	0	
0	0	0	0	0	0	0	0	0	0	0	0	0	0	0	0	0	8	11	0	0	
0	0	0	0	0	0	0	0	0	0	0	0	0	0	0	9	7	0	0	0	0	
0	0	0	0	0	0	0	0	0	0	0	0	0	0	0	0	0	0	0	3	2	
8	11	8	2	0	0	0	0	0	0	0	0	0	0	0	0	0	0	0	0	0	
0	0	0	0	7	4	0	0	0	0	0	0	0	0	0	0	0	0	0	0	0	
0	0	0	0	0	0	0	0	0	0	0	0	0	0	0	4	5	0	0	0	0	
0	0	0	0	0	0	0	0	0	0	0	0	0	1	8	0	0	0	0	0	0	
1	12	12	12	0	0	0	0	0	0	0	0	0	0	0	0	0	0	0	0	0	
0	0	0	0	5	4	9	4	7	0	0	0	0	0	0	0	0	0	0	0	0	
1	9	3	12	0	0	0	0	0	0	0	0	0	0	0	0	0	0	0	0	0	
0	0	0	0	0	0	0	0	0	0	0	0	0	0	0	10	5	0	0	0	0	
0	0	0	0	0	0	0	0	0	0	0	0	0	0	0	0	0	3	3	0	0	
5	12	6	12	0	0	0	0	0	0	0	0	0	0	0	0	0	0	0	0	0	
0	0	0	0	0	0	8	10	5	7	12	0	0	0	0	0	0	0	0	0	0	
12	9	9	3	0	0	0	0	0	0	0	0	0	0	0	0	0	0	0	0	0	
0	0	0	0	9	3	11	1	10	0	0	0	0	0	0	0	0	0	0	0	0	
0	0	0	0	0	0	0	0	0	0	0	0	0	0	0	8	1	0	0	0	0	
0	0	0	0	0	0	0	0	0	0	0	0	0	0	0	0	0	2	12	0	0	
10	10	2	2	0	0	0	0	0	0	0	0	0	0	0	0	0	0	0	0	0	
0	0	0	0	0	0	0	0	0	0	0	0	0	6	8	0	0	0	0	0	0	
0	0	0	0	0	0	4	6	10	6	5	0	0	0	0	0	0	0	0	0	0	
9	1	2	1	0	0	0	0	0	0	0	0	0	0	0	0	0	0	0	0	0	
0	0	0	0	4	7	4	9	11	0	0	0	0	0	0	0	0	0	0	0	0	
0	0	0	0	0	0	6	9	8	12	5	0	0	0	0	0	0	0	0	0	0	
0	0	0	0	0	0	0	0	0	0	0	3	3	0	0	0	0	0	0	0	0	
0	0	0	0	0	0	0	0	0	0	0	0	0	0	0	0	0	7	10	0	0	
0	0	0	0	0	0	0	0	0	0	0	0	0	0	0	0	0	0	0	8	7	
10	10	11	12	0	0	0	0	0	0	0	0	0	0	0	0	0	0	0	0	0	
0	0	0	0	0	0	0	0	0	0	0	1	12	0	0	0	0	0	0	0	0	
0	0	0	0	0	0	10	1	3	4	7	0	0	0	0	0	0	0	0	0	0	
0	0	0	0	0	0	0	0	0	0	0	0	0	0	0	1	2	0	0	0	0	
2	6	10	8	0	0	0	0	0	0	0	0	0	0	0	0	0	0	0	0	0	
0	0	0	0	2	10	0	0	0	0	0	0	0	0	0	0	0	0	0	0	0	
0	0	0	0	0	0	0	0	0	0	0	0	0	0	0	2	3	0	0	0	0	
0	0	0	0	0	0	0	0	0	0	0	10	4	0	0	0	0	0	0	0	0	
0	0	0	0	0	0	0	0	0	0	0	0	0	0	0	0	0	4	2	0	0	
8	11	4	11	0	0	0	0	0	0	0	0	0	0	0	0	0	0	0	0	0	
0	0	0	0	9	1	10	8	9	0	0	0	0	0	0	0	0	0	0	0	0	
9	3	8	4	0	0	0	0	0	0	0	0	0	0	0	0	0	0	0	0	0	
0	0	0	0	0	0	0	0	0	0	0	0	0	1	1	0	0	0	0	0	0	
0	0	0	0	0	0	0	0	0	0	0	12	1	0	0	0	0	0	0	0	0	
0	0	0	0	0	0	2	6	7	12	9	0	0	0	0	0	0	0	0	0	0	
9	5	9	3	0	0	0	0	0	0	0	0	0	0	0	0	0	0	0	0	0	
0	0	0	0	0	0	0	0	0	0	0	0	0	1	11	0	0	0	0	0	0	
0	0	0	0	0	0	0	0	0	0	0	0	0	0	0	0	0	7	11	0	0	
10	11	1	7	0	0	0	0	0	0	0	0	0	0	0	0	0	0	0	0	0	
0	0	0	0	8	8	12	7	4	0	0	0	0	0	0	0	0	0	0	0	0	
0	0	0	0	0	0	0	0	0	0	0	1	5	0	0	0	0	0	0	0	0	
0	0	0	0	0	0	0	0	0	0	0	0	0	0	0	10	11	0	0	0	0	
0	0	0	0	0	0	0	0	0	0	0	0	0	0	0	0	0	0	0	7	3	
8	5	10	4	0	0	0	0	0	0	0	0	0	0	0	0	0	0	0	0	0	
0	0	0	0	6	3	0	0	0	0	0	0	0	0	0	0	0	0	0	0	0	
0	0	0	0	0	0	8	5	10	9	9	0	0	0	0	0	0	0	0	0	0	
0	0	0	0	5	11	5	3	2	0	0	0	0	0	0	0	0	0	0	0	0	
0	0	0	0	0	0	0	0	0	0	0	0	0	0	0	8	12	0	0	0	0	
5	6	8	5	0	0	0	0	0	0	0	0	0	0	0	0	0	0	0	0	0	
0	0	0	0	0	0	0	0	0	0	0	0	0	10	2	0	0	0	0	0	0	
11	5	1	5	0	0	0	0	0	0	0	0	0	0	0	0	0	0	0	0	0	
0	0	0	0	3	1	8	6	11	0	0	0	0	0	0	0	0	0	0	0	0	
0	0	0	0	0	0	6	2	8	11	4	0	0	0	0	0	0	0	0	0	0	
12	7	8	3	0	0	0	0	0	0	0	0	0	0	0	0	0	0	0	0	0	
0	0	0	0	1	3	12	5	9	0	0	0	0	0	0	0	0	0	0	0	0	
0	0	0	0	0	0	0	0	0	0	0	0	0	6	7	0	0	0	0	0	0	
0	0	0	0	0	0	10	3	10	5	5	0	0	0	0	0	0	0	0	0	0	
0	0	0	0	0	0	0	0	0	0	0	0	0	0	0	0	0	6	9	0	0	
0	0	0	0	0	0	0	0	0	0	0	0	0	0	0	11	9	0	0	0	0	
0	0	0	0	0	0	0	0	0	0	0	0	0	0	0	0	0	0	0	8	9	
workers:
0	1	2	3	4	5	6	7	8	9	10	11	12	13	14	15	16	17	18	19	20	21	22	23	24	25	
workers-Machines:
10	16	
12	13	
19	20	
8	
0	5	7	
12	
7	
7	19	
15	17	
16	
1	2	6	
5	
20	
14	
1	8	14	
3	12	18	
3	11	
9	10	
14	
6	17	
15	
4	13	
0	18	
4	9	
2	11	
0	
