Shifts:
0	1	2	3	4	5	6	7	8	9	10	11	12	13	14	15	16	17	18	19	20	21	22	23	24	25	26	27	28	29	30	31	32	33	34	35	36	37	38	39	40	41	42	43	44	45	46	47	48	49	50	51	52	53	54	55	56	57	58	59	60	61	62	63	64	65	66	67	68	69	70	71	72	73	74	75	76	77	78	
Duration of shifts:
55	55	55	55	55	55	55	55	55	55	55	55	55	55	55	55	55	55	55	55	55	55	55	55	55	55	55	55	55	55	55	55	55	55	55	55	55	55	55	55	55	55	55	55	55	55	55	55	55	55	55	55	55	55	55	55	55	55	55	55	55	55	55	55	55	55	55	55	55	55	55	55	55	55	55	55	55	55	55	
Jobs:
0	1	2	3	4	5	6	7	8	9	10	11	12	13	14	15	16	17	18	19	
Due Dates:
2370	1440	1262	2498	1418	1732	2168	1793	1764	2289	1940	1903	2435	2225	1383	1377	2456	2032	1320	1999	
Weights:
0.01	0.02	0.1	0.06	0.06	0.1	0.03	0.09	0.03	0.08	0.06	0.04	0.02	0.1	0.01	0.03	0.01	0.06	0.02	0.07	
List of machines:
0	1	2	3	4	5	6	7	8	9	
Operations Per job:
0	1	2	3	4	5	6	7	8	9	10	11	12	13	14	
15	16	17	18	19	20	21	22	23	24	25	26	27	28	29	30	31	32	33	34	
35	36	37	38	39	40	41	42	43	44	45	46	47	48	49	50	51	52	53	54	55	56	57	
58	59	60	61	62	63	64	65	66	67	68	69	70	71	72	73	74	75	
76	77	78	79	80	81	82	83	84	85	86	87	88	89	90	91	92	93	94	95	96	
97	98	99	100	101	102	103	104	105	106	107	108	109	110	111	
112	113	114	115	116	117	118	119	120	121	122	123	124	125	126	127	128	
129	130	131	132	133	134	135	136	137	138	139	140	141	142	143	144	145	146	147	148	149	150	151	152	153	
154	155	156	157	158	159	160	161	162	163	164	165	166	167	168	169	170	171	172	173	174	175	176	
177	178	179	180	181	182	183	184	185	186	187	188	189	190	191	192	193	194	195	
196	197	198	199	200	201	202	203	204	205	206	207	208	209	210	211	212	213	214	
215	216	217	218	219	220	221	222	223	224	225	226	227	228	229	230	231	232	233	234	235	
236	237	238	239	240	241	242	243	244	245	246	247	248	249	250	251	
252	253	254	255	256	257	258	259	260	261	262	263	264	265	266	267	
268	269	270	271	272	273	274	275	276	277	278	279	280	281	282	283	284	285	286	287	288	289	290	291	292	
293	294	295	296	297	298	299	300	301	302	303	304	305	306	307	308	309	
310	311	312	313	314	315	316	317	318	319	320	321	322	323	324	325	326	327	328	329	330	
331	332	333	334	335	336	337	338	339	340	341	342	343	344	345	346	347	
348	349	350	351	352	353	354	355	356	357	358	359	360	361	362	363	364	365	366	367	368	369	370	
371	372	373	374	375	376	377	378	379	380	381	382	383	384	385	386	
Predecessors:

0	
1	
2	
3	
4	
5	
6	
7	
8	
9	
10	
11	
12	
13	

15	
16	
17	
18	
19	
20	
21	
22	
23	
24	
25	
26	
27	
28	
29	
30	
31	
32	
33	

35	
36	
37	
38	
39	
40	
41	
42	
43	
44	
45	
46	
47	
48	
49	
50	
51	
52	
53	
54	
55	
56	

58	
59	
60	
61	
62	
63	
64	
65	
66	
67	
68	
69	
70	
71	
72	
73	
74	

76	
77	
78	
79	
80	
81	
82	
83	
84	
85	
86	
87	
88	
89	
90	
91	
92	
93	
94	
95	

97	
98	
99	
100	
101	
102	
103	
104	
105	
106	
107	
108	
109	
110	

112	
113	
114	
115	
116	
117	
118	
119	
120	
121	
122	
123	
124	
125	
126	
127	

129	
130	
131	
132	
133	
134	
135	
136	
137	
138	
139	
140	
141	
142	
143	
144	
145	
146	
147	
148	
149	
150	
151	
152	

154	
155	
156	
157	
158	
159	
160	
161	
162	
163	
164	
165	
166	
167	
168	
169	
170	
171	
172	
173	
174	
175	

177	
178	
179	
180	
181	
182	
183	
184	
185	
186	
187	
188	
189	
190	
191	
192	
193	
194	

196	
197	
198	
199	
200	
201	
202	
203	
204	
205	
206	
207	
208	
209	
210	
211	
212	
213	

215	
216	
217	
218	
219	
220	
221	
222	
223	
224	
225	
226	
227	
228	
229	
230	
231	
232	
233	
234	

236	
237	
238	
239	
240	
241	
242	
243	
244	
245	
246	
247	
248	
249	
250	

252	
253	
254	
255	
256	
257	
258	
259	
260	
261	
262	
263	
264	
265	
266	

268	
269	
270	
271	
272	
273	
274	
275	
276	
277	
278	
279	
280	
281	
282	
283	
284	
285	
286	
287	
288	
289	
290	
291	

293	
294	
295	
296	
297	
298	
299	
300	
301	
302	
303	
304	
305	
306	
307	
308	

310	
311	
312	
313	
314	
315	
316	
317	
318	
319	
320	
321	
322	
323	
324	
325	
326	
327	
328	
329	

331	
332	
333	
334	
335	
336	
337	
338	
339	
340	
341	
342	
343	
344	
345	
346	

348	
349	
350	
351	
352	
353	
354	
355	
356	
357	
358	
359	
360	
361	
362	
363	
364	
365	
366	
367	
368	
369	

371	
372	
373	
374	
375	
376	
377	
378	
379	
380	
381	
382	
383	
384	
385	
Machines per operations:
0	3	5	6	7	8	9	
1	5	8	9	
0	1	2	3	4	7	8	9	
0	1	3	7	
0	2	5	6	7	
0	2	5	8	9	
0	1	2	4	5	6	8	9	
0	2	5	6	7	9	
0	4	5	9	
5	7	8	9	
0	5	6	8	
0	3	5	7	9	
0	2	3	5	6	7	8	9	
0	2	4	7	8	
0	4	5	6	7	
2	4	8	9	
1	2	3	4	6	7	9	
0	1	2	3	4	5	8	
0	4	6	8	9	
0	1	4	5	7	8	9	
2	3	5	6	7	
0	1	3	4	5	6	9	
1	5	9	
1	2	8	9	
0	1	9	
0	1	3	4	6	7	9	
0	2	6	
1	3	5	6	
0	1	4	6	7	9	
0	1	2	9	
1	2	3	4	5	9	
0	2	5	7	9	
0	1	2	3	5	6	7	8	9	
1	2	
0	1	2	3	4	5	6	9	
2	4	5	6	7	8	9	
0	1	4	7	9	
0	1	4	6	9	
2	3	4	6	8	9	
0	1	2	4	5	6	
1	
3	4	5	7	
1	6	8	9	
2	4	6	7	8	
0	2	3	4	6	7	9	
2	3	9	
1	2	8	9	
0	1	4	6	7	
2	7	9	
0	2	8	9	
1	2	4	6	9	
0	2	4	5	6	8	9	
0	3	4	5	6	8	
0	1	3	6	9	
0	1	3	4	5	8	
2	5	7	
0	2	6	
1	9	
0	3	5	8	9	
1	5	6	9	
1	3	6	8	9	
0	1	4	6	
0	1	2	3	5	7	9	
0	2	8	
1	3	4	6	8	9	
0	4	5	6	7	
0	2	3	4	6	7	
0	1	3	5	7	8	
0	4	6	8	
0	1	2	3	4	5	7	9	
3	4	7	9	
2	4	6	
0	1	8	9	
0	3	4	5	6	7	8	9	
1	3	5	9	
1	2	4	8	9	
1	2	4	6	8	
0	1	2	3	4	5	8	9	
3	4	6	9	
2	3	5	6	7	8	
0	1	2	6	7	9	
2	4	6	7	8	9	
4	6	7	8	9	
0	2	5	6	7	8	9	
1	3	4	7	8	9	
0	2	3	5	7	8	9	
1	2	3	6	8	
0	1	3	4	6	7	
1	6	7	8	9	
2	7	
0	1	2	5	7	9	
3	4	8	9	
0	2	7	8	
7	
1	2	3	5	6	7	8	
1	2	3	6	7	9	
1	3	6	
1	2	3	7	8	
1	2	3	4	7	8	9	
2	3	5	
1	2	4	6	9	
1	5	8	
1	2	3	4	7	9	
2	4	6	8	9	
1	2	8	
3	4	5	8	
0	2	5	8	
0	3	5	6	7	8	9	
0	1	4	6	7	
0	1	2	3	4	5	9	
4	5	7	
1	2	4	7	8	
1	3	8	
5	8	
1	2	3	5	6	7	8	9	
1	5	6	7	8	9	
6	9	
5	6	7	9	
1	3	4	7	8	9	
0	1	2	3	4	5	7	9	
4	5	9	
6	8	
2	3	
0	2	3	4	6	7	
0	2	7	
0	2	6	7	8	9	
1	2	3	4	5	7	8	
1	2	3	4	5	6	9	
1	2	4	5	6	7	8	
3	4	5	
0	2	6	7	8	9	
1	2	3	4	5	6	9	
1	3	5	7	
0	5	6	7	9	
1	2	3	5	6	
1	3	4	6	7	8	
1	5	6	7	8	
1	2	4	5	6	7	8	9	
1	5	6	8	9	
1	2	3	5	6	8	9	
0	6	9	
2	4	6	8	9	
1	3	4	5	6	8	
0	1	2	6	9	
0	2	3	4	
2	5	6	8	
2	3	4	6	8	
0	2	3	4	9	
3	6	
1	3	4	5	
0	2	3	6	9	
1	4	6	7	
0	4	5	6	
0	1	2	4	6	7	8	9	
4	5	8	
0	1	2	5	9	
0	1	2	3	5	9	
4	8	9	
0	2	3	6	9	
0	2	8	9	
0	3	8	9	
1	2	3	7	8	
2	3	4	5	7	8	
2	4	6	9	
0	8	
1	2	3	4	8	
1	3	5	6	9	
1	3	5	8	9	
3	4	7	8	
2	3	5	6	7	9	
0	2	3	6	7	8	
3	4	5	6	7	8	
1	2	3	6	7	8	
1	2	5	6	7	8	
0	4	7	8	
1	3	5	7	
0	1	2	3	4	5	7	8	
0	1	3	4	5	8	
0	2	3	6	7	9	
0	3	5	8	9	
1	2	5	8	9	
0	1	2	5	7	8	
0	2	4	9	
0	3	4	7	8	
0	1	3	4	5	8	9	
0	1	2	3	4	8	
4	5	6	9	
5	6	
1	2	6	8	
0	3	4	6	7	
4	6	7	8	9	
3	4	5	6	
0	2	3	4	5	6	8	
1	2	3	4	5	
0	1	5	6	8	9	
0	1	2	3	4	5	6	7	8	9	
0	1	3	5	8	9	
0	6	9	
0	1	3	4	5	6	8	
0	2	4	5	8	9	
1	2	5	6	8	
0	1	3	5	6	7	8	9	
0	7	8	
0	2	4	5	7	8	9	
1	2	4	6	7	8	
0	1	5	6	7	
4	5	6	
0	1	2	4	6	8	9	
0	4	5	8	9	
0	2	4	6	8	
0	2	8	9	
1	2	3	4	8	9	
1	6	7	8	9	
0	1	8	
0	2	4	5	6	7	8	9	
2	6	9	
0	1	3	5	
0	2	3	4	7	9	
0	1	2	
0	1	5	7	8	9	
0	2	3	5	7	9	
0	3	4	7	8	
0	2	4	6	7	9	
1	2	4	7	9	
5	8	9	
1	2	3	5	6	8	9	
7	8	
4	5	6	7	8	9	
1	3	4	5	6	8	9	
0	5	7	9	
0	5	6	8	9	
2	3	6	8	
0	2	6	7	9	
1	2	5	6	
0	1	4	7	9	
1	5	7	8	
0	5	7	
0	2	6	8	9	
1	2	3	4	7	9	
3	5	6	9	
3	5	7	8	
7	8	
0	1	4	5	7	8	
0	2	3	4	7	8	9	
0	1	2	3	6	8	
0	3	4	5	6	8	9	
0	1	2	5	7	
1	4	7	8	
0	2	4	6	7	
2	3	4	5	6	8	
1	2	4	6	7	8	
0	7	8	
1	2	4	5	6	8	9	
3	5	6	9	
0	4	6	7	8	9	
2	5	6	8	9	
0	1	4	6	7	8	9	
0	1	8	
0	6	7	8	9	
2	7	
2	5	6	
0	1	2	3	4	7	
1	3	6	8	
0	1	2	4	5	6	7	9	
4	8	9	
0	3	4	
1	2	3	5	6	8	9	
1	4	7	
1	2	3	7	
1	4	5	6	7	9	
1	3	4	6	7	
1	3	8	9	
0	1	2	4	5	7	
1	4	6	7	
1	2	7	8	
2	5	6	7	8	9	
2	6	7	9	
0	1	4	5	
0	1	2	4	6	8	
0	4	6	7	9	
2	3	7	9	
0	2	4	5	6	
0	3	5	6	8	
3	4	5	6	8	
1	2	3	4	
0	3	4	6	7	
1	4	7	8	
1	2	4	9	
0	1	2	3	4	6	9	
0	2	3	4	5	7	8	
0	2	5	6	7	8	
0	2	4	7	
3	6	
0	2	6	9	
0	2	3	5	6	7	8	
2	5	7	9	
1	3	5	6	
0	1	2	3	4	5	7	9	
1	2	5	7	8	
0	3	7	8	
0	1	2	3	4	5	6	9	
1	2	4	6	9	
0	2	3	4	7	8	
0	4	7	
0	2	3	4	7	
0	7	8	9	
1	2	4	5	6	
1	2	6	7	8	9	
0	2	3	5	6	7	9	
0	1	5	6	8	
0	1	4	
0	4	5	7	8	
2	4	9	
0	2	4	5	9	
1	4	5	7	9	
1	3	5	7	
1	5	8	9	
0	4	6	7	8	9	
0	3	7	9	
0	2	4	5	8	9	
1	7	
2	3	8	9	
0	2	3	6	9	
3	4	5	6	8	9	
1	2	3	4	5	9	
4	5	8	9	
0	3	9	
4	7	
2	5	7	9	
0	1	2	3	7	8	9	
0	1	2	7	
0	1	2	4	6	7	9	
2	4	5	8	
0	1	3	8	
1	3	5	6	
2	5	6	7	8	
0	1	2	4	6	7	9	
7	
1	2	8	9	
1	2	3	6	7	8	9	
1	2	3	4	7	8	
2	3	6	7	8	9	
3	6	7	8	9	
3	4	5	8	9	
2	3	6	9	
1	3	4	5	7	9	
0	1	2	3	4	5	8	9	
0	1	2	4	5	7	8	
1	4	5	6	7	9	
1	2	3	6	
0	1	5	
1	2	5	6	8	9	
0	1	2	6	7	
0	1	2	5	7	8	9	
1	2	3	5	7	8	
6	8	9	
0	3	5	8	9	
1	3	4	5	8	
1	2	4	5	8	
1	2	3	4	
0	2	3	7	8	9	
0	1	2	7	8	
1	2	3	5	6	7	
1	2	3	4	8	
0	2	4	9	
2	6	7	
6	9	
1	3	4	6	7	9	
0	4	5	6	7	8	
0	1	2	4	5	7	8	9	
0	1	3	5	6	7	8	9	
1	2	4	5	7	8	9	
0	2	3	6	7	
0	4	5	7	9	
2	5	7	8	9	
1	2	3	4	6	
0	1	2	6	7	9	
0	1	3	6	7	8	
0	2	4	5	6	7	8	9	
0	2	3	5	8	
0	1	5	6	7	8	
1	2	3	5	8	9	
1	5	7	8	
3	4	6	
0	1	2	3	6	7	8	
0	4	6	7	8	
0	3	8	9	
Processing Times:
66	0	0	66	0	66	66	66	66	66	
0	29	0	0	0	29	0	0	29	29	
11	11	11	11	11	0	0	11	11	11	
62	62	0	62	0	0	0	62	0	0	
94	0	94	0	0	94	94	94	0	0	
41	0	41	0	0	41	0	0	41	41	
90	90	90	0	90	90	90	0	90	90	
63	0	63	0	0	63	63	63	0	63	
45	0	0	0	45	45	0	0	0	45	
0	0	0	0	0	91	0	91	91	91	
73	0	0	0	0	73	73	0	73	0	
31	0	0	31	0	31	0	31	0	31	
97	0	97	97	0	97	97	97	97	97	
11	0	11	0	11	0	0	11	11	0	
20	0	0	0	20	20	20	20	0	0	
0	0	90	0	90	0	0	0	90	90	
0	21	21	21	21	0	21	21	0	21	
78	78	78	78	78	78	0	0	78	0	
37	0	0	0	37	0	37	0	37	37	
68	68	0	0	68	68	0	68	68	68	
0	0	48	48	0	48	48	48	0	0	
55	55	0	55	55	55	55	0	0	55	
0	38	0	0	0	38	0	0	0	38	
0	49	49	0	0	0	0	0	49	49	
69	69	0	0	0	0	0	0	0	69	
73	73	0	73	73	0	73	73	0	73	
80	0	80	0	0	0	80	0	0	0	
0	83	0	83	0	83	83	0	0	0	
39	39	0	0	39	0	39	39	0	39	
98	98	98	0	0	0	0	0	0	98	
0	71	71	71	71	71	0	0	0	71	
24	0	24	0	0	24	0	24	0	24	
89	89	89	89	0	89	89	89	89	89	
0	73	73	0	0	0	0	0	0	0	
44	44	44	44	44	44	44	0	0	44	
0	0	61	0	61	61	61	61	61	61	
53	53	0	0	53	0	0	53	0	53	
35	35	0	0	35	0	35	0	0	35	
0	0	95	95	95	0	95	0	95	95	
33	33	33	0	33	33	33	0	0	0	
0	59	0	0	0	0	0	0	0	0	
0	0	0	68	68	68	0	68	0	0	
0	61	0	0	0	0	61	0	61	61	
0	0	56	0	56	0	56	56	56	0	
28	0	28	28	28	0	28	28	0	28	
0	0	18	18	0	0	0	0	0	18	
0	35	35	0	0	0	0	0	35	35	
73	73	0	0	73	0	73	73	0	0	
0	0	78	0	0	0	0	78	0	78	
70	0	70	0	0	0	0	0	70	70	
0	65	65	0	65	0	65	0	0	65	
44	0	44	0	44	44	44	0	44	44	
56	0	0	56	56	56	56	0	56	0	
60	60	0	60	0	0	60	0	0	60	
69	69	0	69	69	69	0	0	69	0	
0	0	94	0	0	94	0	94	0	0	
28	0	28	0	0	0	28	0	0	0	
0	63	0	0	0	0	0	0	0	63	
17	0	0	17	0	17	0	0	17	17	
0	61	0	0	0	61	61	0	0	61	
0	34	0	34	0	0	34	0	34	34	
96	96	0	0	96	0	96	0	0	0	
31	31	31	31	0	31	0	31	0	31	
82	0	82	0	0	0	0	0	82	0	
0	40	0	40	40	0	40	0	40	40	
63	0	0	0	63	63	63	63	0	0	
95	0	95	95	95	0	95	95	0	0	
68	68	0	68	0	68	0	68	68	0	
91	0	0	0	91	0	91	0	91	0	
43	43	43	43	43	43	0	43	0	43	
0	0	0	32	32	0	0	32	0	32	
0	0	54	0	54	0	54	0	0	0	
92	92	0	0	0	0	0	0	92	92	
40	0	0	40	40	40	40	40	40	40	
0	84	0	84	0	84	0	0	0	84	
0	38	38	0	38	0	0	0	38	38	
0	94	94	0	94	0	94	0	94	0	
63	63	63	63	63	63	0	0	63	63	
0	0	0	99	99	0	99	0	0	99	
0	0	45	45	0	45	45	45	45	0	
28	28	28	0	0	0	28	28	0	28	
0	0	59	0	59	0	59	59	59	59	
0	0	0	0	97	0	97	97	97	97	
69	0	69	0	0	69	69	69	69	69	
0	61	0	61	61	0	0	61	61	61	
98	0	98	98	0	98	0	98	98	98	
0	42	42	42	0	0	42	0	42	0	
100	100	0	100	100	0	100	100	0	0	
0	68	0	0	0	0	68	68	68	68	
0	0	83	0	0	0	0	83	0	0	
69	69	69	0	0	69	0	69	0	69	
0	0	0	17	17	0	0	0	17	17	
26	0	26	0	0	0	0	26	26	0	
0	0	0	0	0	0	0	29	0	0	
0	20	20	20	0	20	20	20	20	0	
0	100	100	100	0	0	100	100	0	100	
0	87	0	87	0	0	87	0	0	0	
0	67	67	67	0	0	0	67	67	0	
0	16	16	16	16	0	0	16	16	16	
0	0	86	86	0	86	0	0	0	0	
0	36	36	0	36	0	36	0	0	36	
0	73	0	0	0	73	0	0	73	0	
0	41	41	41	41	0	0	41	0	41	
0	0	100	0	100	0	100	0	100	100	
0	23	23	0	0	0	0	0	23	0	
0	0	0	33	33	33	0	0	33	0	
92	0	92	0	0	92	0	0	92	0	
74	0	0	74	0	74	74	74	74	74	
90	90	0	0	90	0	90	90	0	0	
49	49	49	49	49	49	0	0	0	49	
0	0	0	0	34	34	0	34	0	0	
0	47	47	0	47	0	0	47	47	0	
0	62	0	62	0	0	0	0	62	0	
0	0	0	0	0	59	0	0	59	0	
0	98	98	98	0	98	98	98	98	98	
0	73	0	0	0	73	73	73	73	73	
0	0	0	0	0	0	79	0	0	79	
0	0	0	0	0	10	10	10	0	10	
0	32	0	32	32	0	0	32	32	32	
55	55	55	55	55	55	0	55	0	55	
0	0	0	0	53	53	0	0	0	53	
0	0	0	0	0	0	19	0	19	0	
0	0	55	55	0	0	0	0	0	0	
88	0	88	88	88	0	88	88	0	0	
46	0	46	0	0	0	0	46	0	0	
73	0	73	0	0	0	73	73	73	73	
0	30	30	30	30	30	0	30	30	0	
0	48	48	48	48	48	48	0	0	48	
0	50	50	0	50	50	50	50	50	0	
0	0	0	37	37	37	0	0	0	0	
75	0	75	0	0	0	75	75	75	75	
0	36	36	36	36	36	36	0	0	36	
0	71	0	71	0	71	0	71	0	0	
66	0	0	0	0	66	66	66	0	66	
0	39	39	39	0	39	39	0	0	0	
0	17	0	17	17	0	17	17	17	0	
0	30	0	0	0	30	30	30	30	0	
0	42	42	0	42	42	42	42	42	42	
0	94	0	0	0	94	94	0	94	94	
0	59	59	59	0	59	59	0	59	59	
36	0	0	0	0	0	36	0	0	36	
0	0	68	0	68	0	68	0	68	68	
0	21	0	21	21	21	21	0	21	0	
25	25	25	0	0	0	25	0	0	25	
65	0	65	65	65	0	0	0	0	0	
0	0	58	0	0	58	58	0	58	0	
0	0	65	65	65	0	65	0	65	0	
36	0	36	36	36	0	0	0	0	36	
0	0	0	45	0	0	45	0	0	0	
0	82	0	82	82	82	0	0	0	0	
42	0	42	42	0	0	42	0	0	42	
0	82	0	0	82	0	82	82	0	0	
51	0	0	0	51	51	51	0	0	0	
75	75	75	0	75	0	75	75	75	75	
0	0	0	0	35	35	0	0	35	0	
78	78	78	0	0	78	0	0	0	78	
43	43	43	43	0	43	0	0	0	43	
0	0	0	0	77	0	0	0	77	77	
42	0	42	42	0	0	42	0	0	42	
18	0	18	0	0	0	0	0	18	18	
63	0	0	63	0	0	0	0	63	63	
0	99	99	99	0	0	0	99	99	0	
0	0	16	16	16	16	0	16	16	0	
0	0	34	0	34	0	34	0	0	34	
99	0	0	0	0	0	0	0	99	0	
0	87	87	87	87	0	0	0	87	0	
0	46	0	46	0	46	46	0	0	46	
0	81	0	81	0	81	0	0	81	81	
0	0	0	41	41	0	0	41	41	0	
0	0	58	58	0	58	58	58	0	58	
57	0	57	57	0	0	57	57	57	0	
0	0	0	30	30	30	30	30	30	0	
0	60	60	60	0	0	60	60	60	0	
0	52	52	0	0	52	52	52	52	0	
92	0	0	0	92	0	0	92	92	0	
0	32	0	32	0	32	0	32	0	0	
80	80	80	80	80	80	0	80	80	0	
42	42	0	42	42	42	0	0	42	0	
33	0	33	33	0	0	33	33	0	33	
40	0	0	40	0	40	0	0	40	40	
0	80	80	0	0	80	0	0	80	80	
72	72	72	0	0	72	0	72	72	0	
64	0	64	0	64	0	0	0	0	64	
77	0	0	77	77	0	0	77	77	0	
23	23	0	23	23	23	0	0	23	23	
50	50	50	50	50	0	0	0	50	0	
0	0	0	0	13	13	13	0	0	13	
0	0	0	0	0	38	38	0	0	0	
0	21	21	0	0	0	21	0	21	0	
77	0	0	77	77	0	77	77	0	0	
0	0	0	0	95	0	95	95	95	95	
0	0	0	60	60	60	60	0	0	0	
94	0	94	94	94	94	94	0	94	0	
0	53	53	53	53	53	0	0	0	0	
82	82	0	0	0	82	82	0	82	82	
60	60	60	60	60	60	60	60	60	60	
60	60	0	60	0	60	0	0	60	60	
93	0	0	0	0	0	93	0	0	93	
49	49	0	49	49	49	49	0	49	0	
82	0	82	0	82	82	0	0	82	82	
0	68	68	0	0	68	68	0	68	0	
42	42	0	42	0	42	42	42	42	42	
96	0	0	0	0	0	0	96	96	0	
90	0	90	0	90	90	0	90	90	90	
0	36	36	0	36	0	36	36	36	0	
70	70	0	0	0	70	70	70	0	0	
0	0	0	0	12	12	12	0	0	0	
56	56	56	0	56	0	56	0	56	56	
14	0	0	0	14	14	0	0	14	14	
60	0	60	0	60	0	60	0	60	0	
18	0	18	0	0	0	0	0	18	18	
0	88	88	88	88	0	0	0	88	88	
0	19	0	0	0	0	19	19	19	19	
87	87	0	0	0	0	0	0	87	0	
50	0	50	0	50	50	50	50	50	50	
0	0	50	0	0	0	50	0	0	50	
63	63	0	63	0	63	0	0	0	0	
16	0	16	16	16	0	0	16	0	16	
65	65	65	0	0	0	0	0	0	0	
71	71	0	0	0	71	0	71	71	71	
44	0	44	44	0	44	0	44	0	44	
46	0	0	46	46	0	0	46	46	0	
35	0	35	0	35	0	35	35	0	35	
0	11	11	0	11	0	0	11	0	11	
0	0	0	0	0	83	0	0	83	83	
0	12	12	12	0	12	12	0	12	12	
0	0	0	0	0	0	0	98	98	0	
0	0	0	0	25	25	25	25	25	25	
0	84	0	84	84	84	84	0	84	84	
36	0	0	0	0	36	0	36	0	36	
41	0	0	0	0	41	41	0	41	41	
0	0	44	44	0	0	44	0	44	0	
51	0	51	0	0	0	51	51	0	51	
0	58	58	0	0	58	58	0	0	0	
56	56	0	0	56	0	0	56	0	56	
0	27	0	0	0	27	0	27	27	0	
97	0	0	0	0	97	0	97	0	0	
93	0	93	0	0	0	93	0	93	93	
0	41	41	41	41	0	0	41	0	41	
0	0	0	59	0	59	59	0	0	59	
0	0	0	83	0	83	0	83	83	0	
0	0	0	0	0	0	0	99	99	0	
90	90	0	0	90	90	0	90	90	0	
90	0	90	90	90	0	0	90	90	90	
58	58	58	58	0	0	58	0	58	0	
15	0	0	15	15	15	15	0	15	15	
95	95	95	0	0	95	0	95	0	0	
0	65	0	0	65	0	0	65	65	0	
73	0	73	0	73	0	73	73	0	0	
0	0	96	96	96	96	96	0	96	0	
0	42	42	0	42	0	42	42	42	0	
53	0	0	0	0	0	0	53	53	0	
0	61	61	0	61	61	61	0	61	61	
0	0	0	24	0	24	24	0	0	24	
90	0	0	0	90	0	90	90	90	90	
0	0	11	0	0	11	11	0	11	11	
12	12	0	0	12	0	12	12	12	12	
68	68	0	0	0	0	0	0	68	0	
61	0	0	0	0	0	61	61	61	61	
0	0	40	0	0	0	0	40	0	0	
0	0	70	0	0	70	70	0	0	0	
76	76	76	76	76	0	0	76	0	0	
0	48	0	48	0	0	48	0	48	0	
19	19	19	0	19	19	19	19	0	19	
0	0	0	0	49	0	0	0	49	49	
76	0	0	76	76	0	0	0	0	0	
0	24	24	24	0	24	24	0	24	24	
0	35	0	0	35	0	0	35	0	0	
0	10	10	10	0	0	0	10	0	0	
0	46	0	0	46	46	46	46	0	46	
0	18	0	18	18	0	18	18	0	0	
0	72	0	72	0	0	0	0	72	72	
32	32	32	0	32	32	0	32	0	0	
0	92	0	0	92	0	92	92	0	0	
0	14	14	0	0	0	0	14	14	0	
0	0	53	0	0	53	53	53	53	53	
0	0	49	0	0	0	49	49	0	49	
83	83	0	0	83	83	0	0	0	0	
81	81	81	0	81	0	81	0	81	0	
76	0	0	0	76	0	76	76	0	76	
0	0	88	88	0	0	0	88	0	88	
34	0	34	0	34	34	34	0	0	0	
54	0	0	54	0	54	54	0	54	0	
0	0	0	22	22	22	22	0	22	0	
0	47	47	47	47	0	0	0	0	0	
31	0	0	31	31	0	31	31	0	0	
0	43	0	0	43	0	0	43	43	0	
0	29	29	0	29	0	0	0	0	29	
59	59	59	59	59	0	59	0	0	59	
26	0	26	26	26	26	0	26	26	0	
57	0	57	0	0	57	57	57	57	0	
11	0	11	0	11	0	0	11	0	0	
0	0	0	90	0	0	90	0	0	0	
55	0	55	0	0	0	55	0	0	55	
71	0	71	71	0	71	71	71	71	0	
0	0	64	0	0	64	0	64	0	64	
0	36	0	36	0	36	36	0	0	0	
26	26	26	26	26	26	0	26	0	26	
0	34	34	0	0	34	0	34	34	0	
68	0	0	68	0	0	0	68	68	0	
55	55	55	55	55	55	55	0	0	55	
0	41	41	0	41	0	41	0	0	41	
36	0	36	36	36	0	0	36	36	0	
64	0	0	0	64	0	0	64	0	0	
91	0	91	91	91	0	0	91	0	0	
16	0	0	0	0	0	0	16	16	16	
0	29	29	0	29	29	29	0	0	0	
0	87	87	0	0	0	87	87	87	87	
76	0	76	76	0	76	76	76	0	76	
69	69	0	0	0	69	69	0	69	0	
72	72	0	0	72	0	0	0	0	0	
66	0	0	0	66	66	0	66	66	0	
0	0	33	0	33	0	0	0	0	33	
21	0	21	0	21	21	0	0	0	21	
0	81	0	0	81	81	0	81	0	81	
0	22	0	22	0	22	0	22	0	0	
0	60	0	0	0	60	0	0	60	60	
85	0	0	0	85	0	85	85	85	85	
37	0	0	37	0	0	0	37	0	37	
70	0	70	0	70	70	0	0	70	70	
0	58	0	0	0	0	0	58	0	0	
0	0	49	49	0	0	0	0	49	49	
59	0	59	59	0	0	59	0	0	59	
0	0	0	54	54	54	54	0	54	54	
0	39	39	39	39	39	0	0	0	39	
0	0	0	0	78	78	0	0	78	78	
95	0	0	95	0	0	0	0	0	95	
0	0	0	0	21	0	0	21	0	0	
0	0	36	0	0	36	0	36	0	36	
66	66	66	66	0	0	0	66	66	66	
84	84	84	0	0	0	0	84	0	0	
11	11	11	0	11	0	11	11	0	11	
0	0	37	0	37	37	0	0	37	0	
11	11	0	11	0	0	0	0	11	0	
0	81	0	81	0	81	81	0	0	0	
0	0	46	0	0	46	46	46	46	0	
76	76	76	0	76	0	76	76	0	76	
0	0	0	0	0	0	0	20	0	0	
0	96	96	0	0	0	0	0	96	96	
0	73	73	73	0	0	73	73	73	73	
0	43	43	43	43	0	0	43	43	0	
0	0	84	84	0	0	84	84	84	84	
0	0	0	75	0	0	75	75	75	75	
0	0	0	97	97	97	0	0	97	97	
0	0	37	37	0	0	37	0	0	37	
0	47	0	47	47	47	0	47	0	47	
98	98	98	98	98	98	0	0	98	98	
89	89	89	0	89	89	0	89	89	0	
0	69	0	0	69	69	69	69	0	69	
0	87	87	87	0	0	87	0	0	0	
77	77	0	0	0	77	0	0	0	0	
0	18	18	0	0	18	18	0	18	18	
18	18	18	0	0	0	18	18	0	0	
15	15	15	0	0	15	0	15	15	15	
0	44	44	44	0	44	0	44	44	0	
0	0	0	0	0	0	70	0	70	70	
20	0	0	20	0	20	0	0	20	20	
0	70	0	70	70	70	0	0	70	0	
0	19	19	0	19	19	0	0	19	0	
0	24	24	24	24	0	0	0	0	0	
44	0	44	44	0	0	0	44	44	44	
21	21	21	0	0	0	0	21	21	0	
0	69	69	69	0	69	69	69	0	0	
0	19	19	19	19	0	0	0	19	0	
84	0	84	0	84	0	0	0	0	84	
0	0	47	0	0	0	47	47	0	0	
0	0	0	0	0	0	86	0	0	86	
0	31	0	31	31	0	31	31	0	31	
42	0	0	0	42	42	42	42	42	0	
11	11	11	0	11	11	0	11	11	11	
23	23	0	23	0	23	23	23	23	23	
0	48	48	0	48	48	0	48	48	48	
15	0	15	15	0	0	15	15	0	0	
97	0	0	0	97	97	0	97	0	97	
0	0	23	0	0	23	0	23	23	23	
0	29	29	29	29	0	29	0	0	0	
96	96	96	0	0	0	96	96	0	96	
66	66	0	66	0	0	66	66	66	0	
41	0	41	0	41	41	41	41	41	41	
43	0	43	43	0	43	0	0	43	0	
58	58	0	0	0	58	58	58	58	0	
0	93	93	93	0	93	0	0	93	93	
0	78	0	0	0	78	0	78	78	0	
0	0	0	74	74	0	74	0	0	0	
57	57	57	57	0	0	57	57	57	0	
68	0	0	0	68	0	68	68	68	0	
85	0	0	85	0	0	0	0	85	85	
workers:
0	1	2	3	4	5	6	7	8	9	10	11	12	13	14	15	16	17	18	19	
workers-Machines:
0	1	2	3	5	6	7	8	9	
0	2	3	4	5	6	7	8	9	
0	1	2	3	5	6	7	8	9	
0	2	3	4	5	6	7	8	9	
0	1	2	3	4	5	6	7	9	
0	1	2	3	4	6	7	8	9	
0	1	2	3	4	5	6	8	9	
0	1	2	3	4	6	7	8	9	
0	2	3	4	5	6	7	8	9	
0	1	2	3	5	6	7	8	9	
0	1	2	3	4	5	6	7	9	
0	1	2	3	4	5	6	8	9	
0	1	2	4	5	6	7	8	9	
0	1	2	4	5	6	7	8	9	
0	1	2	3	4	5	7	8	9	
0	1	2	3	4	6	7	8	9	
0	1	2	3	4	5	6	8	9	
1	2	3	4	5	6	7	8	9	
0	1	2	3	4	5	7	8	9	
0	1	2	3	5	6	7	8	9	
