Shifts:
0	1	2	3	4	5	6	7	8	9	10	11	   				
Duration of shifts:
8	8	8	8	8	8	8	8	8	8	8	8
Jobs:
0	1	2	3	4
Due Dates:
40	80	30	30	60
Weights:
0.20	0.25	0.17	0.18	0.20
List of machines:
0	1	2	3	4
Operations Per job:
0	1	2	3	4
5	6	7	8	9
10	11	12	13	14
15	16	17	18	19
20	21	22	23	24
Predecessors:

0
1
2
3

5
6
7
8

10
11
12
13

15
16
17
18

20
21
22
23
Machines per operations:
2
0
1
3
3	4
1
2
4
3
0
2	4
3
1
0
1	4
2
1
4
1	3
0
1	3
3
2
0
4
Processing Times:
0	0	1	0	0
3	0	0	0	0
0	6	0	0	0
0	0	0	7	0
0	0	0	3	3
0	8	0	0	0
0	0	5	0	0
0	0	0	0	10
0	0	0	10	0
10	0	0	0	0
0	0	5	0	5
0	0	0	4	0
0	8	0	0	0
9	0	0	0	0
0	1	0	0	1
0	0	9	0	0
0	3	0	0	0
0	0	0	0	5
0	4	0	4	0
3	0	0	0	0
0	3	0	3	0
0	0	0	3	0
0	0	9	0	0
10	0	0	0	0
0	0	0	0	4
workers:
0	1	2	3	4	5
workers-Machines:
0	2
1	2	4
3	4
0	1	3
0	2	3
1	4