Shifts:
0	1	2	3	4	5	6	7	8	9	10	11	12	13	14	15	16	17	18	19	20	21	22	23	24	25	26	27	28	29	30	31	32	33	34	35	36	37	38	39	40	41	42	43	44	45	46	47	48	49	50	51	52	53	54	55	56	57	58	59	60	61	62	63	64	65	66	67	68	69	70	71	72	73	
Duration of shifts:
56	56	56	56	56	56	56	56	56	56	56	56	56	56	56	56	56	56	56	56	56	56	56	56	56	56	56	56	56	56	56	56	56	56	56	56	56	56	56	56	56	56	56	56	56	56	56	56	56	56	56	56	56	56	56	56	56	56	56	56	56	56	56	56	56	56	56	56	56	56	56	56	56	56	
Jobs:
0	1	2	3	4	5	6	7	8	9	10	11	12	13	14	
Due Dates:
1373	2278	1784	1717	1804	1636	1150	2158	1762	2214	1219	1613	1481	1243	1504	
Weights:
0.04	0.05	0.05	0.11	0.09	0.12	0.03	0.09	0.06	0.12	0.04	0.07	0.01	0.04	0.07	
List of machines:
0	1	2	3	4	5	6	7	
Operations Per job:
0	1	2	3	4	5	6	7	8	9	10	11	12	13	14	
15	16	17	18	19	20	21	22	23	24	25	26	27	28	29	30	31	32	33	34	
35	36	37	38	39	40	41	42	43	44	45	46	47	48	49	50	51	52	53	54	55	56	57	
58	59	60	61	62	63	64	65	66	67	68	69	70	71	72	73	74	75	
76	77	78	79	80	81	82	83	84	85	86	87	88	89	90	91	92	93	94	95	96	
97	98	99	100	101	102	103	104	105	106	107	108	109	110	111	
112	113	114	115	116	117	118	119	120	121	122	123	124	125	126	127	128	
129	130	131	132	133	134	135	136	137	138	139	140	141	142	143	144	145	146	147	148	149	150	151	152	153	
154	155	156	157	158	159	160	161	162	163	164	165	166	167	168	169	170	171	172	173	174	175	176	
177	178	179	180	181	182	183	184	185	186	187	188	189	190	191	192	193	194	195	
196	197	198	199	200	201	202	203	204	205	206	207	208	209	210	211	212	213	214	
215	216	217	218	219	220	221	222	223	224	225	226	227	228	229	230	231	232	233	234	235	
236	237	238	239	240	241	242	243	244	245	246	247	248	249	250	251	
252	253	254	255	256	257	258	259	260	261	262	263	264	265	266	267	
268	269	270	271	272	273	274	275	276	277	278	279	280	281	282	283	284	285	286	287	288	289	290	291	292	
Predecessors:

0	
1	
2	
3	
4	
5	
6	
7	
8	
9	
10	
11	
12	
13	

15	
16	
17	
18	
19	
20	
21	
22	
23	
24	
25	
26	
27	
28	
29	
30	
31	
32	
33	

35	
36	
37	
38	
39	
40	
41	
42	
43	
44	
45	
46	
47	
48	
49	
50	
51	
52	
53	
54	
55	
56	

58	
59	
60	
61	
62	
63	
64	
65	
66	
67	
68	
69	
70	
71	
72	
73	
74	

76	
77	
78	
79	
80	
81	
82	
83	
84	
85	
86	
87	
88	
89	
90	
91	
92	
93	
94	
95	

97	
98	
99	
100	
101	
102	
103	
104	
105	
106	
107	
108	
109	
110	

112	
113	
114	
115	
116	
117	
118	
119	
120	
121	
122	
123	
124	
125	
126	
127	

129	
130	
131	
132	
133	
134	
135	
136	
137	
138	
139	
140	
141	
142	
143	
144	
145	
146	
147	
148	
149	
150	
151	
152	

154	
155	
156	
157	
158	
159	
160	
161	
162	
163	
164	
165	
166	
167	
168	
169	
170	
171	
172	
173	
174	
175	

177	
178	
179	
180	
181	
182	
183	
184	
185	
186	
187	
188	
189	
190	
191	
192	
193	
194	

196	
197	
198	
199	
200	
201	
202	
203	
204	
205	
206	
207	
208	
209	
210	
211	
212	
213	

215	
216	
217	
218	
219	
220	
221	
222	
223	
224	
225	
226	
227	
228	
229	
230	
231	
232	
233	
234	

236	
237	
238	
239	
240	
241	
242	
243	
244	
245	
246	
247	
248	
249	
250	

252	
253	
254	
255	
256	
257	
258	
259	
260	
261	
262	
263	
264	
265	
266	

268	
269	
270	
271	
272	
273	
274	
275	
276	
277	
278	
279	
280	
281	
282	
283	
284	
285	
286	
287	
288	
289	
290	
291	
Machines per operations:
1	3	
0	1	2	6	
1	2	
0	1	3	
7	
0	3	5	
1	
0	7	
0	1	4	6	7	
1	3	7	
1	2	4	6	7	
4	
5	7	
0	1	3	5	
5	7	
1	6	7	
1	
7	
0	1	
1	5	6	7	
2	3	
0	2	6	
2	6	7	
3	
1	3	5	6	
4	
0	3	5	
2	4	7	
0	1	4	6	
4	
2	3	
2	4	
0	3	4	
1	4	5	6	
0	1	4	6	
7	
0	1	4	5	7	
1	4	5	
0	1	5	7	
0	1	2	5	7	
3	7	
1	
1	3	
4	7	
0	2	3	5	6	
4	
1	5	6	
3	
0	5	
3	
0	1	
1	4	6	
1	2	3	4	7	
0	1	4	5	
6	
0	1	3	6	
1	3	4	6	
0	2	
2	4	7	
3	
0	5	
2	3	4	
6	
4	
0	4	
1	7	
5	
1	2	6	
0	3	4	
2	5	
3	4	5	6	
1	4	
0	
0	2	
0	3	
0	3	4	
1	2	5	
1	2	3	4	
0	1	3	6	
2	6	7	
2	6	
1	3	6	
0	
1	
5	7	
2	3	
1	2	5	7	
4	6	7	
0	4	6	
2	3	4	5	7	
3	4	6	
4	
1	4	
0	5	6	
4	5	6	
0	4	5	7	
1	4	6	
4	
0	2	3	4	5	
6	
6	
0	2	7	
7	
0	3	5	
0	1	3	5	
6	
4	7	
0	4	
1	2	3	
0	5	6	
3	6	7	
2	4	7	
0	4	5	7	
6	7	
1	
6	
1	
2	5	
0	2	3	7	
3	4	
2	7	
0	3	
6	7	
2	
7	
1	3	7	
0	4	5	6	
0	5	6	
7	
3	4	5	7	
0	2	5	6	
2	5	7	
1	4	
1	3	
3	4	5	6	
1	3	6	
2	
2	
3	
2	7	
6	
2	5	
4	
0	
1	4	
7	
0	1	2	4	7	
2	5	6	7	
1	
3	
0	
0	3	5	
7	
6	7	
0	6	
0	6	7	
7	
2	
2	4	6	
0	7	
0	1	2	3	4	6	
5	6	
2	
3	7	
6	
0	1	2	5	
2	7	
4	
7	
0	1	3	7	
2	3	4	
5	
5	7	
6	
2	5	7	
0	2	3	4	7	
5	7	
2	
5	6	
5	
1	3	4	5	
4	6	7	
2	7	
1	2	4	
0	3	6	
2	3	6	
3	
6	
0	1	6	7	
0	2	4	6	
5	6	
0	1	2	
5	6	
0	4	
2	6	7	
5	
1	4	
3	5	
2	5	
0	3	
6	
2	3	
4	6	7	
1	6	
2	
5	7	
0	3	7	
0	
0	7	
5	
3	
6	
0	1	2	6	
3	4	6	
0	1	5	
7	
4	7	
1	6	
1	
1	7	
3	7	
0	4	
0	5	7	
2	3	6	7	
6	
1	6	7	
2	4	
3	
0	7	
3	5	7	
5	6	7	
3	
3	
0	3	6	7	
1	5	
2	3	5	6	
4	5	6	7	
0	3	5	6	
0	2	
1	5	6	
1	4	5	7	
0	1	6	
0	1	2	6	
5	6	
1	
5	
6	
1	2	4	5	
4	6	7	
0	6	7	
7	
0	1	7	
3	
0	6	
1	2	3	4	6	
0	1	3	5	7	
1	4	6	
7	
0	1	3	4	5	
0	2	4	6	
2	3	5	
1	4	6	7	
1	3	5	
0	7	
0	6	
1	2	6	
2	3	6	7	
4	
6	
2	3	
0	2	3	4	
0	1	4	6	
4	
0	2	
0	1	4	5	6	
2	3	5	
3	4	5	6	
6	
2	4	5	6	
1	4	
4	7	
0	
1	6	
0	
1	
0	1	5	
0	2	4	5	
0	
5	
0	3	
0	2	
0	3	4	
0	3	5	
Processing Times:
0	30	0	32	0	0	0	0	
62	62	65	0	0	0	67	0	
0	34	30	0	0	0	0	0	
79	80	0	77	0	0	0	0	
0	0	0	0	0	0	0	25	
64	0	0	66	0	64	0	0	
0	37	0	0	0	0	0	0	
16	0	0	0	0	0	0	12	
56	60	0	0	61	0	65	60	
0	90	0	90	0	0	0	92	
0	38	44	0	42	0	42	43	
0	0	0	0	89	0	0	0	
0	0	0	0	0	65	0	60	
43	44	0	50	0	45	0	0	
0	0	0	0	0	91	0	88	
0	71	0	0	0	0	71	75	
0	29	0	0	0	0	0	0	
0	0	0	0	0	0	0	89	
16	16	0	0	0	0	0	0	
0	24	0	0	0	22	25	27	
0	0	91	82	0	0	0	0	
24	0	24	0	0	0	25	0	
0	0	75	0	0	0	76	77	
0	0	0	36	0	0	0	0	
0	67	0	65	0	71	67	0	
0	0	0	0	49	0	0	0	
58	0	0	55	0	53	0	0	
0	0	40	0	40	0	0	40	
45	50	0	0	50	0	54	0	
0	0	0	0	72	0	0	0	
0	0	76	75	0	0	0	0	
0	0	77	0	79	0	0	0	
77	0	0	81	80	0	0	0	
0	41	0	0	42	43	41	0	
99	94	0	0	92	0	92	0	
0	0	0	0	0	0	0	69	
27	27	0	0	27	27	0	26	
0	85	0	0	86	84	0	0	
71	76	0	0	0	71	0	66	
50	42	45	0	0	45	0	45	
0	0	0	60	0	0	0	60	
0	55	0	0	0	0	0	0	
0	37	0	33	0	0	0	0	
0	0	0	0	93	0	0	91	
36	0	35	36	0	41	36	0	
0	0	0	0	58	0	0	0	
0	69	0	0	0	67	67	0	
0	0	0	65	0	0	0	0	
59	0	0	0	0	60	0	0	
0	0	0	29	0	0	0	0	
26	22	0	0	0	0	0	0	
0	39	0	0	37	0	37	0	
0	71	74	67	71	0	0	74	
74	79	0	0	78	76	0	0	
0	0	0	0	0	0	69	0	
61	64	0	67	0	0	62	0	
0	47	0	43	41	0	45	0	
56	0	55	0	0	0	0	0	
0	0	59	0	59	0	0	62	
0	0	0	68	0	0	0	0	
90	0	0	0	0	90	0	0	
0	0	34	31	33	0	0	0	
0	0	0	0	0	0	62	0	
0	0	0	0	22	0	0	0	
62	0	0	0	66	0	0	0	
0	36	0	0	0	0	0	32	
0	0	0	0	0	96	0	0	
0	34	38	0	0	0	33	0	
83	0	0	79	78	0	0	0	
0	0	42	0	0	42	0	0	
0	0	0	57	67	62	59	0	
0	91	0	0	91	0	0	0	
66	0	0	0	0	0	0	0	
87	0	87	0	0	0	0	0	
42	0	0	44	0	0	0	0	
30	0	0	37	36	0	0	0	
0	59	54	0	0	53	0	0	
0	88	88	88	91	0	0	0	
41	41	0	36	0	0	39	0	
0	0	82	0	0	0	78	81	
0	0	40	0	0	0	45	0	
0	90	0	93	0	0	89	0	
59	0	0	0	0	0	0	0	
0	94	0	0	0	0	0	0	
0	0	0	0	0	41	0	46	
0	0	31	32	0	0	0	0	
0	58	59	0	0	56	0	55	
0	0	0	0	92	0	94	88	
72	0	0	0	67	0	67	0	
0	0	65	62	59	58	0	60	
0	0	0	93	93	0	97	0	
0	0	0	0	39	0	0	0	
0	95	0	0	95	0	0	0	
67	0	0	0	0	70	66	0	
0	0	0	0	80	84	80	0	
68	0	0	0	70	68	0	67	
0	20	0	0	21	0	21	0	
0	0	0	0	30	0	0	0	
33	0	28	31	29	32	0	0	
0	0	0	0	0	0	24	0	
0	0	0	0	0	0	100	0	
86	0	84	0	0	0	0	86	
0	0	0	0	0	0	0	67	
20	0	0	21	0	20	0	0	
83	85	0	79	0	80	0	0	
0	0	0	0	0	0	39	0	
0	0	0	0	67	0	0	74	
39	0	0	0	43	0	0	0	
0	97	97	95	0	0	0	0	
29	0	0	0	0	26	30	0	
0	0	0	31	0	0	35	35	
0	0	87	0	87	0	0	86	
72	0	0	0	72	77	0	70	
0	0	0	0	0	0	84	86	
0	54	0	0	0	0	0	0	
0	0	0	0	0	0	37	0	
0	52	0	0	0	0	0	0	
0	0	59	0	0	62	0	0	
55	0	61	58	0	0	0	58	
0	0	0	96	93	0	0	0	
0	0	74	0	0	0	0	71	
77	0	0	80	0	0	0	0	
0	0	0	0	0	0	20	14	
0	0	34	0	0	0	0	0	
0	0	0	0	0	0	0	54	
0	53	0	58	0	0	0	52	
24	0	0	0	21	20	23	0	
57	0	0	0	0	55	58	0	
0	0	0	0	0	0	0	84	
0	0	0	47	48	48	0	47	
71	0	67	0	0	74	71	0	
0	0	30	0	0	35	0	38	
0	48	0	0	48	0	0	0	
0	51	0	51	0	0	0	0	
0	0	0	43	38	39	36	0	
0	72	0	73	0	0	73	0	
0	0	38	0	0	0	0	0	
0	0	69	0	0	0	0	0	
0	0	0	62	0	0	0	0	
0	0	40	0	0	0	0	36	
0	0	0	0	0	0	18	0	
0	0	30	0	0	33	0	0	
0	0	0	0	48	0	0	0	
92	0	0	0	0	0	0	0	
0	57	0	0	58	0	0	0	
0	0	0	0	0	0	0	38	
63	67	66	0	70	0	0	67	
0	0	23	0	0	26	29	21	
0	32	0	0	0	0	0	0	
0	0	0	62	0	0	0	0	
58	0	0	0	0	0	0	0	
62	0	0	62	0	62	0	0	
0	0	0	0	0	0	0	42	
0	0	0	0	0	0	43	44	
79	0	0	0	0	0	80	0	
46	0	0	0	0	0	43	43	
0	0	0	0	0	0	0	78	
0	0	51	0	0	0	0	0	
0	0	72	0	73	0	76	0	
39	0	0	0	0	0	0	42	
76	77	78	75	79	0	72	0	
0	0	0	0	0	45	48	0	
0	0	80	0	0	0	0	0	
0	0	0	44	0	0	0	42	
0	0	0	0	0	0	18	0	
61	62	60	0	0	62	0	0	
0	0	99	0	0	0	0	93	
0	0	0	0	25	0	0	0	
0	0	0	0	0	0	0	38	
94	94	0	95	0	0	0	90	
0	0	82	80	81	0	0	0	
0	0	0	0	0	44	0	0	
0	0	0	0	0	81	0	77	
0	0	0	0	0	0	43	0	
0	0	58	0	0	58	0	58	
56	0	56	58	61	0	0	57	
0	0	0	0	0	29	0	33	
0	0	63	0	0	0	0	0	
0	0	0	0	0	52	52	0	
0	0	0	0	0	92	0	0	
0	34	0	33	35	34	0	0	
0	0	0	0	77	0	80	73	
0	0	44	0	0	0	0	44	
0	32	30	0	30	0	0	0	
42	0	0	37	0	0	37	0	
0	0	73	82	0	0	74	0	
0	0	0	75	0	0	0	0	
0	0	0	0	0	0	60	0	
74	73	0	0	0	0	77	76	
28	0	26	0	27	0	31	0	
0	0	0	0	0	47	54	0	
13	18	19	0	0	0	0	0	
0	0	0	0	0	41	37	0	
26	0	0	0	21	0	0	0	
0	0	72	0	0	0	79	78	
0	0	0	0	0	85	0	0	
0	63	0	0	60	0	0	0	
0	0	0	90	0	93	0	0	
0	0	54	0	0	53	0	0	
80	0	0	79	0	0	0	0	
0	0	0	0	0	0	60	0	
0	0	63	56	0	0	0	0	
0	0	0	0	89	0	89	87	
0	52	0	0	0	0	47	0	
0	0	79	0	0	0	0	0	
0	0	0	0	0	66	0	63	
44	0	0	44	0	0	0	47	
91	0	0	0	0	0	0	0	
82	0	0	0	0	0	0	86	
0	0	0	0	0	36	0	0	
0	0	0	72	0	0	0	0	
0	0	0	0	0	0	14	0	
59	59	52	0	0	0	59	0	
0	0	0	19	22	0	15	0	
60	60	0	0	0	60	0	0	
0	0	0	0	0	0	0	22	
0	0	0	0	85	0	0	84	
0	23	0	0	0	0	23	0	
0	83	0	0	0	0	0	0	
0	50	0	0	0	0	0	48	
0	0	0	49	0	0	0	55	
65	0	0	0	57	0	0	0	
21	0	0	0	0	20	0	21	
0	0	64	64	0	0	64	65	
0	0	0	0	0	0	71	0	
0	46	0	0	0	0	47	46	
0	0	44	0	47	0	0	0	
0	0	0	42	0	0	0	0	
17	0	0	0	0	0	0	20	
0	0	0	75	0	80	0	80	
0	0	0	0	0	16	16	16	
0	0	0	97	0	0	0	0	
0	0	0	29	0	0	0	0	
81	0	0	83	0	0	80	81	
0	39	0	0	0	38	0	0	
0	0	38	46	0	47	47	0	
0	0	0	0	40	50	45	49	
55	0	0	51	0	47	49	0	
58	0	58	0	0	0	0	0	
0	54	0	0	0	52	54	0	
0	29	0	0	33	30	0	35	
94	88	0	0	0	0	92	0	
86	88	91	0	0	0	85	0	
0	0	0	0	0	44	43	0	
0	58	0	0	0	0	0	0	
0	0	0	0	0	84	0	0	
0	0	0	0	0	0	94	0	
0	82	88	0	83	87	0	0	
0	0	0	0	86	0	86	86	
53	0	0	0	0	0	54	57	
0	0	0	0	0	0	0	14	
87	89	0	0	0	0	0	91	
0	0	0	64	0	0	0	0	
71	0	0	0	0	0	72	0	
0	91	91	93	91	0	91	0	
47	44	0	46	0	43	0	41	
0	48	0	0	52	0	49	0	
0	0	0	0	0	0	0	62	
27	27	0	23	31	23	0	0	
90	0	90	0	86	0	91	0	
0	0	16	18	0	16	0	0	
0	17	0	0	20	0	17	13	
0	68	0	66	0	69	0	0	
60	0	0	0	0	0	0	60	
38	0	0	0	0	0	41	0	
0	68	64	0	0	0	68	0	
0	0	73	77	0	0	73	75	
0	0	0	0	51	0	0	0	
0	0	0	0	0	0	23	0	
0	0	54	47	0	0	0	0	
73	0	73	70	69	0	0	0	
28	25	0	0	28	0	28	0	
0	0	0	0	37	0	0	0	
16	0	15	0	0	0	0	0	
48	51	0	0	45	45	47	0	
0	0	27	22	0	23	0	0	
0	0	0	66	74	70	70	0	
0	0	0	0	0	0	33	0	
0	0	88	0	88	88	88	0	
0	17	0	0	19	0	0	0	
0	0	0	0	53	0	0	53	
54	0	0	0	0	0	0	0	
0	78	0	0	0	0	78	0	
78	0	0	0	0	0	0	0	
0	74	0	0	0	0	0	0	
85	86	0	0	0	85	0	0	
41	0	39	0	36	38	0	0	
58	0	0	0	0	0	0	0	
0	0	0	0	0	25	0	0	
48	0	0	48	0	0	0	0	
39	0	34	0	0	0	0	0	
46	0	0	50	42	0	0	0	
32	0	0	32	0	34	0	0	
workers:
0	1	2	3	4	5	6	7	8	9	10	11	12	13	14	15	
workers-Machines:
0	1	2	4	5	6	7	
0	1	3	4	5	6	7	
0	1	2	3	4	5	7	
0	1	2	3	4	5	6	
0	1	3	4	5	6	7	
0	1	3	4	5	6	7	
1	2	3	4	5	6	7	
0	1	2	4	5	6	7	
0	1	2	4	5	6	7	
0	1	2	3	4	5	7	
0	2	3	4	5	6	7	
0	1	2	3	4	5	6	
0	1	2	3	4	5	6	
0	1	2	3	4	5	7	
0	1	2	3	4	5	7	
0	1	2	3	5	6	7	
