Shifts:
0	1	2	3	4	5	6	7	8	9	10	11	12	13	14	15	16	17	18	19	20	21	22	23	24	25	26	27	28	29	30	31	32	33	34	35	36	37	38	39	40	41	42	43	44	45	46	47	48	49	50	51	52	53	54	55	56	57	58	59	60	61	62	63	64	65	66	67	68	69	70	71	72	73	74	75	76	77	78	79	
Duration of shifts:
56	56	56	56	56	56	56	56	56	56	56	56	56	56	56	56	56	56	56	56	56	56	56	56	56	56	56	56	56	56	56	56	56	56	56	56	56	56	56	56	56	56	56	56	56	56	56	56	56	56	56	56	56	56	56	56	56	56	56	56	56	56	56	56	56	56	56	56	56	56	56	56	56	56	56	56	56	56	56	56	
Jobs:
0	1	2	3	4	5	6	7	8	9	
Due Dates:
2096	1714	1709	1224	1151	1142	2445	1468	2203	1700	
Weights:
0.17	0.1	0.07	0.1	0.12	0.02	0.05	0.12	0.17	0.07	
List of machines:
0	1	2	3	4	
Operations Per job:
0	1	2	3	4	5	6	7	8	9	10	11	12	13	14	
15	16	17	18	19	20	21	22	23	24	25	26	27	28	29	30	31	32	33	34	
35	36	37	38	39	40	41	42	43	44	45	46	47	48	49	50	51	52	53	54	55	56	57	
58	59	60	61	62	63	64	65	66	67	68	69	70	71	72	73	74	75	
76	77	78	79	80	81	82	83	84	85	86	87	88	89	90	91	92	93	94	95	96	
97	98	99	100	101	102	103	104	105	106	107	108	109	110	111	
112	113	114	115	116	117	118	119	120	121	122	123	124	125	126	127	128	
129	130	131	132	133	134	135	136	137	138	139	140	141	142	143	144	145	146	147	148	149	150	151	152	153	
154	155	156	157	158	159	160	161	162	163	164	165	166	167	168	169	170	171	172	173	174	175	176	
177	178	179	180	181	182	183	184	185	186	187	188	189	190	191	192	193	194	195	
Predecessors:

0	
1	
2	
3	
4	
5	
6	
7	
8	
9	
10	
11	
12	
13	

15	
16	
17	
18	
19	
20	
21	
22	
23	
24	
25	
26	
27	
28	
29	
30	
31	
32	
33	

35	
36	
37	
38	
39	
40	
41	
42	
43	
44	
45	
46	
47	
48	
49	
50	
51	
52	
53	
54	
55	
56	

58	
59	
60	
61	
62	
63	
64	
65	
66	
67	
68	
69	
70	
71	
72	
73	
74	

76	
77	
78	
79	
80	
81	
82	
83	
84	
85	
86	
87	
88	
89	
90	
91	
92	
93	
94	
95	

97	
98	
99	
100	
101	
102	
103	
104	
105	
106	
107	
108	
109	
110	

112	
113	
114	
115	
116	
117	
118	
119	
120	
121	
122	
123	
124	
125	
126	
127	

129	
130	
131	
132	
133	
134	
135	
136	
137	
138	
139	
140	
141	
142	
143	
144	
145	
146	
147	
148	
149	
150	
151	
152	

154	
155	
156	
157	
158	
159	
160	
161	
162	
163	
164	
165	
166	
167	
168	
169	
170	
171	
172	
173	
174	
175	

177	
178	
179	
180	
181	
182	
183	
184	
185	
186	
187	
188	
189	
190	
191	
192	
193	
194	
Machines per operations:
0	1	2	
2	
2	
0	3	
0	2	4	
1	3	4	
1	4	
0	1	2	4	
1	3	4	
0	1	4	
2	
4	
4	
0	2	4	
0	3	
1	2	3	
0	1	2	3	4	
1	3	4	
0	
0	1	2	3	4	
0	1	3	
0	
0	1	2	4	
0	1	4	
0	
1	2	4	
2	
0	2	3	
1	2	
0	1	2	4	
1	4	
3	4	
0	
0	1	2	4	
1	2	3	4	
1	3	
0	1	2	3	4	
0	2	3	
1	2	
1	
2	4	
0	1	2	3	
0	4	
2	3	4	
0	1	2	3	
1	2	3	4	
0	2	
1	4	
1	4	
0	1	4	
1	4	
2	3	4	
0	1	3	4	
0	2	3	4	
1	4	
0	1	3	4	
3	4	
3	
4	
1	2	3	4	
4	
0	2	4	
2	4	
1	3	4	
1	2	4	
0	1	2	3	4	
1	3	
1	2	4	
3	4	
0	1	
1	3	
2	3	
0	1	2	3	
0	1	3	4	
0	1	2	3	4	
2	4	
3	
0	2	3	4	
0	3	4	
1	2	3	
1	2	4	
0	1	4	
0	2	3	4	
0	3	
0	4	
3	
0	1	
2	3	4	
0	
3	4	
0	2	3	
0	1	3	4	
1	
0	
0	2	4	
0	4	
0	3	
0	1	3	4	
0	1	
3	
0	1	2	3	4	
3	4	
1	4	
1	3	4	
0	1	2	4	
0	1	2	3	
0	1	
4	
0	1	2	3	4	
0	3	
1	3	4	
0	1	2	3	4	
0	3	
1	3	4	
0	3	
0	3	
1	2	3	
0	2	3	4	
0	1	3	4	
0	
0	
3	
1	2	3	
0	4	
4	
1	2	
0	2	4	
0	1	3	
0	1	2	4	
0	2	
0	1	
2	4	
0	
1	2	3	4	
2	4	
0	
0	
0	2	3	
0	
1	2	4	
0	2	4	
2	3	
0	2	3	4	
1	2	3	
1	2	3	4	
1	3	4	
1	4	
2	3	4	
1	2	3	
1	
0	3	
0	3	
0	4	
4	
4	
1	2	
0	2	
0	1	3	
2	3	
1	3	
0	3	
0	1	2	3	
1	3	
2	3	4	
0	2	4	
1	2	4	
0	
2	4	
0	2	4	
0	1	
0	1	2	3	
1	3	4	
0	2	3	
1	2	4	
1	3	4	
1	
0	2	4	
1	2	3	4	
0	1	3	
0	4	
0	3	
0	3	
0	2	
1	2	
4	
0	1	4	
0	1	2	3	4	
0	2	4	
1	
0	2	3	
0	4	
0	2	3	
0	2	4	
1	2	3	4	
0	1	4	
0	4	
Processing Times:
42	42	42	0	0	
0	0	62	0	0	
0	0	22	0	0	
16	0	0	16	0	
96	0	96	0	96	
0	24	0	24	24	
0	63	0	0	63	
29	29	29	0	29	
0	83	0	83	83	
23	23	0	0	23	
0	0	66	0	0	
0	0	0	0	29	
0	0	0	0	11	
62	0	62	0	62	
94	0	0	94	0	
0	41	41	41	0	
90	90	90	90	90	
0	63	0	63	63	
45	0	0	0	0	
91	91	91	91	91	
73	73	0	73	0	
31	0	0	0	0	
97	97	97	0	97	
11	11	0	0	11	
20	0	0	0	0	
0	90	90	0	90	
0	0	21	0	0	
78	0	78	78	0	
0	37	37	0	0	
68	68	68	0	68	
0	48	0	0	48	
0	0	0	55	55	
38	0	0	0	0	
49	49	49	0	49	
0	69	69	69	69	
0	73	0	73	0	
80	80	80	80	80	
83	0	83	83	0	
0	39	39	0	0	
0	98	0	0	0	
0	0	71	0	71	
24	24	24	24	0	
89	0	0	0	89	
0	0	73	73	73	
44	44	44	44	0	
0	61	61	61	61	
53	0	53	0	0	
0	35	0	0	35	
0	95	0	0	95	
33	33	0	0	33	
0	59	0	0	59	
0	0	68	68	68	
61	61	0	61	61	
56	0	56	56	56	
0	28	0	0	28	
18	18	0	18	18	
0	0	0	35	35	
0	0	0	73	0	
0	0	0	0	78	
0	70	70	70	70	
0	0	0	0	65	
44	0	44	0	44	
0	0	56	0	56	
0	60	0	60	60	
0	69	69	0	69	
94	94	94	94	94	
0	28	0	28	0	
0	63	63	0	63	
0	0	0	17	17	
61	61	0	0	0	
0	34	0	34	0	
0	0	96	96	0	
31	31	31	31	0	
82	82	0	82	82	
40	40	40	40	40	
0	0	63	0	63	
0	0	0	95	0	
68	0	68	68	68	
91	0	0	91	91	
0	43	43	43	0	
0	32	32	0	32	
54	54	0	0	54	
92	0	92	92	92	
40	0	0	40	0	
84	0	0	0	84	
0	0	0	38	0	
94	94	0	0	0	
0	0	63	63	63	
99	0	0	0	0	
0	0	0	45	45	
28	0	28	28	0	
59	59	0	59	59	
0	97	0	0	0	
69	0	0	0	0	
61	0	61	0	61	
98	0	0	0	98	
42	0	0	42	0	
100	100	0	100	100	
68	68	0	0	0	
0	0	0	83	0	
69	69	69	69	69	
0	0	0	17	17	
0	26	0	0	26	
0	29	0	29	29	
20	20	20	0	20	
100	100	100	100	0	
87	87	0	0	0	
0	0	0	0	67	
16	16	16	16	16	
86	0	0	86	0	
0	36	0	36	36	
73	73	73	73	73	
41	0	0	41	0	
0	100	0	100	100	
23	0	0	23	0	
33	0	0	33	0	
0	92	92	92	0	
74	0	74	74	74	
90	90	0	90	90	
49	0	0	0	0	
34	0	0	0	0	
0	0	0	47	0	
0	62	62	62	0	
59	0	0	0	59	
0	0	0	0	98	
0	73	73	0	0	
79	0	79	0	79	
10	10	0	10	0	
32	32	32	0	32	
55	0	55	0	0	
53	53	0	0	0	
0	0	19	0	19	
55	0	0	0	0	
0	88	88	88	88	
0	0	46	0	46	
73	0	0	0	0	
30	0	0	0	0	
48	0	48	48	0	
50	0	0	0	0	
0	37	37	0	37	
75	0	75	0	75	
0	0	36	36	0	
71	0	71	71	71	
0	66	66	66	0	
0	39	39	39	39	
0	17	0	17	17	
0	30	0	0	30	
0	0	42	42	42	
0	94	94	94	0	
0	59	0	0	0	
36	0	0	36	0	
68	0	0	68	0	
21	0	0	0	21	
0	0	0	0	25	
0	0	0	0	65	
0	58	58	0	0	
65	0	65	0	0	
36	36	0	36	0	
0	0	45	45	0	
0	82	0	82	0	
42	0	0	42	0	
82	82	82	82	0	
0	51	0	51	0	
0	0	75	75	75	
35	0	35	0	35	
0	78	78	0	78	
43	0	0	0	0	
0	0	77	0	77	
42	0	42	0	42	
18	18	0	0	0	
63	63	63	63	0	
0	99	0	99	99	
16	0	16	16	0	
0	34	34	0	34	
0	99	0	99	99	
0	87	0	0	0	
46	0	46	0	46	
0	81	81	81	81	
41	41	0	41	0	
58	0	0	0	58	
57	0	0	57	0	
30	0	0	30	0	
60	0	60	0	0	
0	52	52	0	0	
0	0	0	0	92	
32	32	0	0	32	
80	80	80	80	80	
42	0	42	0	42	
0	33	0	0	0	
40	0	40	40	0	
80	0	0	0	80	
72	0	72	72	0	
64	0	64	0	64	
0	77	77	77	77	
23	23	0	0	23	
50	0	0	0	50	
workers:
0	1	2	3	4	5	6	7	8	9	
workers-Machines:
0	1	3	4	
0	1	2	3	
1	2	3	4	
0	1	3	4	
0	1	2	4	
0	1	3	4	
0	1	2	4	
1	2	3	4	
1	2	3	4	
0	1	2	4	
