Shifts:
0	1	2	3	4	5	6	7	8	9	10	11	12	13	14	15	16	17	18	19	20	21	22	23	24	25	26	27	28	29
Duration of Shifts:
8	8	8	8	8	8	8	8	8	8	8	8	8	8	8	8	8	8	8	8	8	8	8	8	8	8	8	8	8	8
Jobs:
0	1	2	3	4	5	6	7	8	9	
Due Dates:
50	111	72	107	113	112	111	93	85	123	
Weights:
0.03	0.11	0.03	0.11	0.21	0.03	0.08	0.26	0.08	0.08
List of machines:
0	1	2	3	4	5	6	7	8	9	10	11	12	13	14	
Operations Per job:
0	1	2	3	4	5	6	7	8	9	10	11	12	13	14	15	16	17	18	19	20	21	22	23	
24	25	26	27	28	29	30	31	32	
33	34	35	36	37	38	39	40	41	42	43	44	45	46	
47	48	49	50	51	
52	53	54	55	56	57	58	59	60	61	62	63	
64	65	66	67	68	69	70	71	72	73	74	75	76	77	78	79	80	81	82	83	84	85	86	87	
88	89	90	91	92	93	94	95	96	
97	98	99	100	101	102	103	104	105	106	107	108	109	110	
111	112	113	114	115	
116	117	118	119	120	121	122	123	124	125	126	127	
Predecessors:

0	
1	
2	

4	
5	
6	
3	7	

9	

11	
12	
10	13	

15	
16	

18	
19	
20	
17	21	
8	14	22	

24	
25	
26	

28	
29	
30	
27	31	

33	

35	
36	
37	

39	
38	40	

42	
43	
44	
34	41	45	

47	
48	
49	
50	

52	
53	
54	
55	

57	
58	
59	
60	56	
61	
62	

64	
65	
66	

68	
69	
70	
67	71	

73	

75	
76	
74	77	

79	
80	

82	
83	
84	
81	85	
72	78	86	

88	
89	
90	

92	
93	
94	
91	95	

97	

99	
100	
101	

103	
102	104	

106	
107	
108	
98	105	109	

111	
112	
113	
114	

116	
117	
118	
119	

121	
122	
123	
124	120	
125	
126	
Machines per operations:
0	1	2	
3	
10	
9	
0	1	2	
3	4	5	
0	1	2	
10	
11	12	
0	1	2	
4	5	6	
0	1	2	
3	4	5	
10	
11	12	
0	1	2	
9	
4	5	6	
0	1	2	
3	4	5	
4	5	6	
7	8	
11	12	
13	14	
0	1	2	
7	8	
4	5	6	
10	
0	1	2	
3	
10	
7	8	
11	12	
0	1	2	
3	4	5	
0	1	2	
9	
7	8	
4	5	6	
0	1	2	
9	
11	12	
0	1	2	
3	4	5	
7	8	
10	
13	14	
0	1	2	
3	
4	5	6	
3	4	5	
10	
0	1	2	
9	
0	1	2	
3	4	5	
4	5	6	
0	1	2	
3	4	5	
9	
4	5	6	
11	12	
10	
13	14	
0	1	2	
3	
10	
9	
0	1	2	
3	4	5	
0	1	2	
10	
11	12	
0	1	2	
4	5	6	
0	1	2	
3	4	5	
10	
11	12	
0	1	2	
9	
4	5	6	
0	1	2	
3	4	5	
4	5	6	
7	8	
11	12	
13	14	
0	1	2	
7	8	
4	5	6	
10	
0	1	2	
3	
10	
7	8	
11	12	
0	1	2	
3	4	5	
0	1	2	
9	
7	8	
4	5	6	
0	1	2	
9	
11	12	
0	1	2	
3	4	5	
7	8	
10	
13	14	
0	1	2	
3	
4	5	6	
3	4	5	
10	
0	1	2	
9	
0	1	2	
3	4	5	
4	5	6	
0	1	2	
3	4	5	
9	
4	5	6	
11	12	
10	
13	14	
Processing Times:
3	9	12	0	0	0	0	0	0	0	0	0	0	0	0	
0	0	0	12	0	0	0	0	0	0	0	0	0	0	0	
0	0	0	0	0	0	0	0	0	0	8	0	0	0	0	
0	0	0	0	0	0	0	0	0	1	0	0	0	0	0	
11	1	6	0	0	0	0	0	0	0	0	0	0	0	0	
0	0	0	9	1	7	0	0	0	0	0	0	0	0	0	
4	12	4	0	0	0	0	0	0	0	0	0	0	0	0	
0	0	0	0	0	0	0	0	0	0	6	0	0	0	0	
0	0	0	0	0	0	0	0	0	0	0	10	4	0	0	
4	6	4	0	0	0	0	0	0	0	0	0	0	0	0	
0	0	0	0	7	8	9	0	0	0	0	0	0	0	0	
4	1	9	0	0	0	0	0	0	0	0	0	0	0	0	
0	0	0	11	5	8	0	0	0	0	0	0	0	0	0	
0	0	0	0	0	0	0	0	0	0	2	0	0	0	0	
0	0	0	0	0	0	0	0	0	0	0	7	4	0	0	
8	6	2	0	0	0	0	0	0	0	0	0	0	0	0	
0	0	0	0	0	0	0	0	0	5	0	0	0	0	0	
0	0	0	0	11	6	7	0	0	0	0	0	0	0	0	
4	7	5	0	0	0	0	0	0	0	0	0	0	0	0	
0	0	0	4	4	4	0	0	0	0	0	0	0	0	0	
0	0	0	0	12	2	3	0	0	0	0	0	0	0	0	
0	0	0	0	0	0	0	1	8	0	0	0	0	0	0	
0	0	0	0	0	0	0	0	0	0	0	1	3	0	0	
0	0	0	0	0	0	0	0	0	0	0	0	0	2	8	
8	3	2	0	0	0	0	0	0	0	0	0	0	0	0	
0	0	0	0	0	0	0	5	12	0	0	0	0	0	0	
0	0	0	0	11	12	10	0	0	0	0	0	0	0	0	
0	0	0	0	0	0	0	0	0	0	7	0	0	0	0	
4	2	11	0	0	0	0	0	0	0	0	0	0	0	0	
0	0	0	6	0	0	0	0	0	0	0	0	0	0	0	
0	0	0	0	0	0	0	0	0	0	10	0	0	0	0	
0	0	0	0	0	0	0	12	12	0	0	0	0	0	0	
0	0	0	0	0	0	0	0	0	0	0	10	6	0	0	
5	4	3	0	0	0	0	0	0	0	0	0	0	0	0	
0	0	0	1	11	11	0	0	0	0	0	0	0	0	0	
3	8	3	0	0	0	0	0	0	0	0	0	0	0	0	
0	0	0	0	0	0	0	0	0	8	0	0	0	0	0	
0	0	0	0	0	0	0	6	1	0	0	0	0	0	0	
0	0	0	0	9	10	4	0	0	0	0	0	0	0	0	
2	7	2	0	0	0	0	0	0	0	0	0	0	0	0	
0	0	0	0	0	0	0	0	0	3	0	0	0	0	0	
0	0	0	0	0	0	0	0	0	0	0	3	10	0	0	
4	3	2	0	0	0	0	0	0	0	0	0	0	0	0	
0	0	0	8	1	10	0	0	0	0	0	0	0	0	0	
0	0	0	0	0	0	0	12	2	0	0	0	0	0	0	
0	0	0	0	0	0	0	0	0	0	2	0	0	0	0	
0	0	0	0	0	0	0	0	0	0	0	0	0	2	10	
2	8	6	0	0	0	0	0	0	0	0	0	0	0	0	
0	0	0	5	0	0	0	0	0	0	0	0	0	0	0	
0	0	0	0	6	9	10	0	0	0	0	0	0	0	0	
0	0	0	3	9	2	0	0	0	0	0	0	0	0	0	
0	0	0	0	0	0	0	0	0	0	3	0	0	0	0	
5	4	2	0	0	0	0	0	0	0	0	0	0	0	0	
0	0	0	0	0	0	0	0	0	8	0	0	0	0	0	
3	12	6	0	0	0	0	0	0	0	0	0	0	0	0	
0	0	0	6	10	3	0	0	0	0	0	0	0	0	0	
0	0	0	0	3	1	9	0	0	0	0	0	0	0	0	
3	2	4	0	0	0	0	0	0	0	0	0	0	0	0	
0	0	0	7	4	5	0	0	0	0	0	0	0	0	0	
0	0	0	0	0	0	0	0	0	5	0	0	0	0	0	
0	0	0	0	8	6	9	0	0	0	0	0	0	0	0	
0	0	0	0	0	0	0	0	0	0	0	1	9	0	0	
0	0	0	0	0	0	0	0	0	0	11	0	0	0	0	
0	0	0	0	0	0	0	0	0	0	0	0	0	8	11	
2	8	11	0	0	0	0	0	0	0	0	0	0	0	0	
0	0	0	1	0	0	0	0	0	0	0	0	0	0	0	
0	0	0	0	0	0	0	0	0	0	1	0	0	0	0	
0	0	0	0	0	0	0	0	0	8	0	0	0	0	0	
4	5	3	0	0	0	0	0	0	0	0	0	0	0	0	
0	0	0	4	5	6	0	0	0	0	0	0	0	0	0	
1	9	5	0	0	0	0	0	0	0	0	0	0	0	0	
0	0	0	0	0	0	0	0	0	0	6	0	0	0	0	
0	0	0	0	0	0	0	0	0	0	0	8	6	0	0	
10	8	8	0	0	0	0	0	0	0	0	0	0	0	0	
0	0	0	0	6	2	7	0	0	0	0	0	0	0	0	
10	9	11	0	0	0	0	0	0	0	0	0	0	0	0	
0	0	0	5	5	3	0	0	0	0	0	0	0	0	0	
0	0	0	0	0	0	0	0	0	0	11	0	0	0	0	
0	0	0	0	0	0	0	0	0	0	0	1	5	0	0	
6	6	9	0	0	0	0	0	0	0	0	0	0	0	0	
0	0	0	0	0	0	0	0	0	1	0	0	0	0	0	
0	0	0	0	4	11	11	0	0	0	0	0	0	0	0	
11	3	9	0	0	0	0	0	0	0	0	0	0	0	0	
0	0	0	4	3	12	0	0	0	0	0	0	0	0	0	
0	0	0	0	2	8	1	0	0	0	0	0	0	0	0	
0	0	0	0	0	0	0	5	10	0	0	0	0	0	0	
0	0	0	0	0	0	0	0	0	0	0	8	8	0	0	
0	0	0	0	0	0	0	0	0	0	0	0	0	2	6	
7	9	6	0	0	0	0	0	0	0	0	0	0	0	0	
0	0	0	0	0	0	0	11	8	0	0	0	0	0	0	
0	0	0	0	7	5	2	0	0	0	0	0	0	0	0	
0	0	0	0	0	0	0	0	0	0	1	0	0	0	0	
10	4	7	0	0	0	0	0	0	0	0	0	0	0	0	
0	0	0	12	0	0	0	0	0	0	0	0	0	0	0	
0	0	0	0	0	0	0	0	0	0	5	0	0	0	0	
0	0	0	0	0	0	0	2	7	0	0	0	0	0	0	
0	0	0	0	0	0	0	0	0	0	0	8	3	0	0	
3	9	6	0	0	0	0	0	0	0	0	0	0	0	0	
0	0	0	7	5	5	0	0	0	0	0	0	0	0	0	
1	11	11	0	0	0	0	0	0	0	0	0	0	0	0	
0	0	0	0	0	0	0	0	0	1	0	0	0	0	0	
0	0	0	0	0	0	0	9	6	0	0	0	0	0	0	
0	0	0	0	6	3	8	0	0	0	0	0	0	0	0	
9	7	3	0	0	0	0	0	0	0	0	0	0	0	0	
0	0	0	0	0	0	0	0	0	9	0	0	0	0	0	
0	0	0	0	0	0	0	0	0	0	0	2	8	0	0	
11	2	11	0	0	0	0	0	0	0	0	0	0	0	0	
0	0	0	7	8	11	0	0	0	0	0	0	0	0	0	
0	0	0	0	0	0	0	9	12	0	0	0	0	0	0	
0	0	0	0	0	0	0	0	0	0	2	0	0	0	0	
0	0	0	0	0	0	0	0	0	0	0	0	0	10	5	
12	2	7	0	0	0	0	0	0	0	0	0	0	0	0	
0	0	0	9	0	0	0	0	0	0	0	0	0	0	0	
0	0	0	0	9	8	2	0	0	0	0	0	0	0	0	
0	0	0	10	5	3	0	0	0	0	0	0	0	0	0	
0	0	0	0	0	0	0	0	0	0	7	0	0	0	0	
5	1	10	0	0	0	0	0	0	0	0	0	0	0	0	
0	0	0	0	0	0	0	0	0	1	0	0	0	0	0	
7	2	7	0	0	0	0	0	0	0	0	0	0	0	0	
0	0	0	5	5	7	0	0	0	0	0	0	0	0	0	
0	0	0	0	3	11	12	0	0	0	0	0	0	0	0	
9	10	3	0	0	0	0	0	0	0	0	0	0	0	0	
0	0	0	7	8	10	0	0	0	0	0	0	0	0	0	
0	0	0	0	0	0	0	0	0	4	0	0	0	0	0	
0	0	0	0	2	4	11	0	0	0	0	0	0	0	0	
0	0	0	0	0	0	0	0	0	0	0	9	4	0	0	
0	0	0	0	0	0	0	0	0	0	11	0	0	0	0	
0	0	0	0	0	0	0	0	0	0	0	0	0	7	9		
workers:
0	1	2	3	4	5	6	7	8	9	10	11	12	13	14	15	16	17	18	
workers-Machines:
0	7	
0	
2	9	
10	
14	
2	8	
3	13	
5	9	
1	6	11	
5	8	14	
12	
1	10	
12	
10	
4	7	
9	
4	
6	11	
3	13	
