Shifts:
0	1	2	3	4	5	6	7	8	9	10	11	12	13	14	15	16	17	18	19	20
Duration of shifts:
8	8	8	8	8	8	8	8	8	8	8	8	8	8	8	8	8	8	8	8	8
Jobs:
0	1	2	3	4	
Due Dates:
61	95	54	73	96	
Weights:
0.13	0.32	0.19	0.19	0.16
List of machines:
0	1	2	3	4	5	6	7	8	9	10	11	
Operations Per job:
0	1	2	3	4	5	6	7	8	9	10	11	12	13	14	15	16	17	18	19	20	21	22	23	
24	25	26	27	28	29	30	31	32	
33	34	35	36	37	38	39	40	41	42	43	44	45	46	
47	48	49	50	51	
52	53	54	55	56	57	58	59	60	61	62	63	
Predecessors:

0	
1	
2	

4	
5	
6	
3	7	

9	

11	
12	
10	13	

15	
16	

18	
19	
20	
17	21	
8	14	22	

24	
25	
26	

28	
29	
30	
27	31	

33	

35	
36	
37	

39	
38	40	

42	
43	
44	
34	41	45	

47	
48	
49	
50	

52	
53	
54	
55	

57	
58	
59	
60	56	
61	
62	
Machines per operations:
0	1	
2	
8	
7	
0	1	
2	3	4	
0	1	
8	
9	
0	1	
3	4	5	
0	1	
2	3	4	
8	
9	
0	1	
7	
3	4	5	
0	1	
2	3	4	
3	4	5	
6	
9	
10	11	
0	1	
6	
3	4	5	
8	
0	1	
2	
8	
6	
9	
0	1	
2	3	4	
0	1	
7	
6	
3	4	5	
0	1	
7	
9	
0	1	
2	3	4	
6	
8	
10	11	
0	1	
2	
3	4	5	
2	3	4	
8	
0	1	
7	
0	1	
2	3	4	
3	4	5	
0	1	
2	3	4	
7	
3	4	5	
9	
8	
10	11	
Processing Times:
9	2	0	0	0	0	0	0	0	0	0	0	
0	0	8	0	0	0	0	0	0	0	0	0	
0	0	0	0	0	0	0	0	3	0	0	0	
0	0	0	0	0	0	0	1	0	0	0	0	
1	12	0	0	0	0	0	0	0	0	0	0	
0	0	12	4	5	0	0	0	0	0	0	0	
4	10	0	0	0	0	0	0	0	0	0	0	
0	0	0	0	0	0	0	0	2	0	0	0	
0	0	0	0	0	0	0	0	0	4	0	0	
11	1	0	0	0	0	0	0	0	0	0	0	
0	0	0	5	5	1	0	0	0	0	0	0	
8	4	0	0	0	0	0	0	0	0	0	0	
0	0	10	11	2	0	0	0	0	0	0	0	
0	0	0	0	0	0	0	0	5	0	0	0	
0	0	0	0	0	0	0	0	0	10	0	0	
2	11	0	0	0	0	0	0	0	0	0	0	
0	0	0	0	0	0	0	10	0	0	0	0	
0	0	0	2	5	4	0	0	0	0	0	0	
9	12	0	0	0	0	0	0	0	0	0	0	
0	0	8	2	2	0	0	0	0	0	0	0	
0	0	0	1	5	12	0	0	0	0	0	0	
0	0	0	0	0	0	7	0	0	0	0	0	
0	0	0	0	0	0	0	0	0	11	0	0	
0	0	0	0	0	0	0	0	0	0	8	7	
10	6	0	0	0	0	0	0	0	0	0	0	
0	0	0	0	0	0	11	0	0	0	0	0	
0	0	0	1	11	4	0	0	0	0	0	0	
0	0	0	0	0	0	0	0	1	0	0	0	
3	12	0	0	0	0	0	0	0	0	0	0	
0	0	8	0	0	0	0	0	0	0	0	0	
0	0	0	0	0	0	0	0	11	0	0	0	
0	0	0	0	0	0	1	0	0	0	0	0	
0	0	0	0	0	0	0	0	0	2	0	0	
7	11	0	0	0	0	0	0	0	0	0	0	
0	0	3	11	4	0	0	0	0	0	0	0	
5	1	0	0	0	0	0	0	0	0	0	0	
0	0	0	0	0	0	0	6	0	0	0	0	
0	0	0	0	0	0	8	0	0	0	0	0	
0	0	0	6	9	10	0	0	0	0	0	0	
11	8	0	0	0	0	0	0	0	0	0	0	
0	0	0	0	0	0	0	2	0	0	0	0	
0	0	0	0	0	0	0	0	0	4	0	0	
12	7	0	0	0	0	0	0	0	0	0	0	
0	0	12	2	2	0	0	0	0	0	0	0	
0	0	0	0	0	0	2	0	0	0	0	0	
0	0	0	0	0	0	0	0	3	0	0	0	
0	0	0	0	0	0	0	0	0	0	6	8	
12	5	0	0	0	0	0	0	0	0	0	0	
0	0	8	0	0	0	0	0	0	0	0	0	
0	0	0	3	8	8	0	0	0	0	0	0	
0	0	3	12	12	0	0	0	0	0	0	0	
0	0	0	0	0	0	0	0	5	0	0	0	
4	10	0	0	0	0	0	0	0	0	0	0	
0	0	0	0	0	0	0	2	0	0	0	0	
4	4	0	0	0	0	0	0	0	0	0	0	
0	0	2	6	12	0	0	0	0	0	0	0	
0	0	0	4	5	1	0	0	0	0	0	0	
8	5	0	0	0	0	0	0	0	0	0	0	
0	0	6	11	1	0	0	0	0	0	0	0	
0	0	0	0	0	0	0	10	0	0	0	0	
0	0	0	8	10	2	0	0	0	0	0	0	
0	0	0	0	0	0	0	0	0	7	0	0	
0	0	0	0	0	0	0	0	7	0	0	0	
0	0	0	0	0	0	0	0	0	0	9	5		
workers:
0	1	2	3	4	5	6	7	8	9	10	11	12	13	14	
workers-Machines:
9	
6	
6	
4	7	10	
0	7	
8	11	
2	
5	
8	
1	4	
3	9	
0	5	
3	
1	2	10	
9	11	
